1, 105622
62831, 105656
62735, 105690
62831, 105723
62831, 105757
62735, 105791
62799, 105824
62927, 1102
62735, 1135
62735, 1169
62831, 1203
62735, 1236
62911, 1269
62911, 1303
62799, 1337
62799, 1371
62799, 1403
62799, 1437
62735, 1471
62911, 1505
62831, 1538
62735, 1571
62799, 1605
62831, 1638
62831, 1672
62735, 1705
62735, 1739
62735, 1772
62735, 1806
62831, 1840
62735, 1873
62911, 1906
62799, 1940
62735, 1974
62831, 2008
62799, 2040
62799, 2074
62735, 2108
62831, 2141
62735, 2174
62799, 2208
62735, 2242
62735, 2275
62735, 2309
62735, 2342
62735, 2376
62735, 2409
62911, 2443
62735, 2477
62735, 2510
62735, 2543
62735, 2577
62831, 2611
62735, 2644
62831, 2677
62831, 2711
62735, 2745
62831, 2778
62735, 2811
62735, 2845
62735, 2879
62735, 2912
62799, 2946
62799, 2979
62799, 3013
62735, 3046
62735, 3080
62735, 3113
62735, 3147
62735, 3180
62735, 3214
62735, 3248
62735, 3280
62735, 3314
62735, 3348
62799, 3382
62735, 3415
62799, 3448
62735, 3482
62799, 3516
62735, 3549
62735, 3582
62735, 3616
62735, 3650
62735, 3683
62735, 3717
62735, 3750
62735, 3784
62735, 3817
62735, 3851
62735, 3885
62735, 3917
62735, 3951
62735, 3985
62735, 4019
62735, 4051
62799, 4085
62735, 4119
62735, 4153
62735, 4186
62735, 4219
62735, 4253
62735, 4287
62799, 4320
62735, 4354
62831, 4387
62735, 4420
62735, 4454
62735, 4488
62735, 4521
62735, 4554
62735, 4588
62831, 4622
62735, 4656
62735, 4688
62735, 4722
62735, 4756
62735, 4790
62735, 4823
62735, 4856
62735, 4890
62735, 4923
62735, 4957
62735, 4990
62735, 5024
62799, 5057
62735, 5091
62735, 5125
62735, 5158
62735, 5191
62735, 5225
62735, 5259
62831, 5293
62799, 5325
62735, 5359
62799, 5393
62735, 5427
62735, 5459
62735, 5493
62831, 5527
62735, 5560
62735, 5594
62735, 5627
62735, 5661
62735, 5694
62735, 5728
62735, 5762
62735, 5795
62735, 5828
62735, 5862
62799, 5896
62735, 5929
62735, 5962
62831, 5996
62735, 6030
62799, 6063
62735, 6096
62831, 6130
62831, 6164
62735, 6197
62735, 6231
62799, 6264
62735, 6298
62735, 6331
62735, 6365
62735, 6398
62799, 6432
62735, 6465
62735, 6499
62735, 6533
62735, 6565
62735, 6599
62735, 6633
62735, 6667
62735, 6700
62735, 6733
62735, 6767
62735, 6801
62735, 6834
62735, 6867
62735, 6901
62831, 6935
62735, 6968
62831, 7002
62799, 7035
62831, 7069
62911, 7102
62735, 7136
62735, 7170
62911, 7202
62799, 7236
62735, 7270
62831, 7304
62831, 7336
62735, 7370
62799, 7404
62799, 7438
62735, 7471
62799, 7504
62831, 7538
62799, 7572
62735, 7605
62735, 7639
62735, 7672
62831, 7706
62735, 7739
62831, 7773
62799, 7806
62799, 7839
62735, 7873
62735, 7907
62735, 7941
62799, 7973
62735, 8007
62735, 8041
62799, 8075
62735, 8108
62799, 8141
62735, 8175
62735, 8209
62735, 8242
62735, 8275
62799, 8309
62735, 8342
62735, 8376
62735, 8410
62799, 8443
62735, 8476
62735, 8510
62735, 8544
62735, 8578
62735, 8610
62735, 8644
62831, 8678
62735, 8712
62735, 8744
62799, 8778
62799, 8812
62735, 8846
62735, 8879
62735, 8912
62735, 8946
62735, 8979
62799, 9013
62735, 9047
62735, 9080
62735, 9113
62735, 9147
62735, 9181
62735, 9214
62735, 9247
62831, 9281
62735, 9315
62735, 9349
62735, 9381
62735, 9415
62735, 9449
62735, 9482
62735, 9516
62735, 9549
62735, 9583
62735, 9616
62735, 9650
62735, 9683
62735, 9717
62735, 9750
62735, 9784
62735, 9818
62735, 9851
62735, 9884
62735, 9918
62735, 9952
62735, 9986
62735, 10018
62735, 10052
62735, 10086
62735, 10120
62735, 10152
62735, 10186
62735, 10220
62735, 10254
62735, 10287
62735, 10320
62735, 10354
62735, 10388
62735, 10422
62735, 10455
62735, 10488
62735, 10522
62735, 10556
62735, 10589
62735, 10622
62735, 10656
62735, 10690
62735, 10724
62735, 10757
62735, 10790
62735, 10824
62735, 10858
62735, 10891
62735, 10925
62735, 10958
62735, 10992
62735, 11026
62735, 11059
62735, 11092
62735, 11126
62735, 11160
62735, 11193
62735, 11227
62735, 11260
62735, 11294
62735, 11328
62735, 11361
62735, 11395
62735, 11428
62735, 11462
62735, 11495
62735, 11529
62735, 11563
62735, 11596
62735, 11630
62735, 11663
62735, 11697
62735, 11730
62735, 11764
62735, 11797
62735, 11831
62735, 11865
62735, 11898
62735, 11932
62735, 11965
62735, 11999
62735, 12033
62735, 12066
62735, 12100
62735, 12133
62735, 12167
62735, 12200
62735, 12234
62735, 12267
62735, 12301
62735, 12335
62735, 12368
62735, 12402
62735, 12435
62735, 12469
62735, 12503
62735, 12536
62735, 12569
62735, 12603
62735, 12637
62735, 12670
62735, 12704
62735, 12737
62735, 12771
62735, 12805
62735, 12838
62735, 12871
62735, 12905
62735, 12939
62735, 12973
62735, 13006
62735, 13039
62735, 13073
62735, 13107
62735, 13140
62735, 13173
62735, 13207
62735, 13241
62735, 13275
62735, 13308
62735, 13341
62735, 13375
62735, 13409
62735, 13443
62735, 13475
62735, 13509
62735, 13543
62735, 13577
62735, 13611
62735, 13643
62735, 13677
62735, 13711
62735, 13745
62735, 13777
62735, 13811
62735, 13845
62735, 13879
62735, 13913
62735, 13945
62735, 13979
62735, 14013
62735, 14047
62735, 14080
62735, 14113
62735, 14147
62735, 14181
62735, 14215
62735, 14247
62735, 14281
62735, 14315
62735, 14349
62735, 14382
62735, 14415
62735, 14449
62735, 14483
62735, 14517
62735, 14550
62735, 14583
62735, 14617
62735, 14651
62735, 14684
62735, 14717
62735, 14751
62735, 14785
62735, 14819
62735, 14852
62735, 14885
62735, 14919
62735, 14953
62735, 14986
62735, 15020
62735, 15053
62735, 15087
62735, 15121
62735, 15154
62735, 15187
62735, 15221
62735, 15255
62735, 15288
62735, 15322
62735, 15355
62735, 15389
62735, 15423
62735, 15456
62735, 15490
62735, 15523
62735, 15557
62735, 15590
62735, 15624
62735, 15657
62735, 15691
62735, 15725
62735, 15758
62735, 15792
62735, 15825
62735, 15859
62735, 15892
62735, 15926
62735, 15960
62735, 15993
62735, 16027
62735, 16060
62735, 16094
62735, 16128
62735, 16161
62735, 16194
62735, 16228
62735, 16262
62735, 16295
62735, 16329
62735, 16362
62735, 16396
62735, 16430
62735, 16463
62735, 16496
62735, 16530
62735, 16564
62735, 16598
62735, 16631
62735, 16664
62735, 16698
62735, 16732
62735, 16765
62735, 16798
62735, 16832
62735, 16866
62735, 16900
62735, 16933
62735, 16966
62735, 17000
62735, 17034
62735, 17068
62735, 17100
62735, 17134
62735, 17168
62735, 17202
62735, 17235
62735, 17268
62735, 17302
62735, 17336
62735, 17370
62735, 17402
62735, 17436
62735, 17470
62735, 17504
62735, 17538
62735, 17570
62735, 17604
62735, 17638
62735, 17672
62735, 17704
62735, 17738
62735, 17772
62735, 17806
62735, 17840
62735, 17872
62735, 17906
62735, 17940
62735, 17974
62735, 18007
62735, 18040
62735, 18074
62735, 18108
62735, 18142
62735, 18174
62735, 18208
62735, 18242
62735, 18276
62735, 18309
62735, 18342
62735, 18376
62735, 18410
62735, 18444
62735, 18477
62735, 18510
62735, 18544
62735, 18578
62735, 18611
62735, 18644
62735, 18678
62735, 18712
62735, 18746
62735, 18779
62735, 18812
62735, 18846
62735, 18880
62735, 18913
62735, 18947
62735, 18980
62735, 19014
62735, 19048
62735, 19081
62735, 19115
62735, 19148
62735, 19182
62735, 19215
62735, 19249
62735, 19282
62735, 19316
62735, 19350
62735, 19383
62735, 19417
62735, 19450
62735, 19484
62735, 19517
62735, 19551
62735, 19585
62735, 19618
62735, 19652
62735, 19685
62735, 19719
62735, 19752
62735, 19786
62735, 19819
62735, 19853
62735, 19887
62735, 19920
62735, 19954
62735, 19987
62735, 20021
62735, 20055
62735, 20088
62735, 20121
62735, 20155
62735, 20189
62735, 20222
62735, 20256
62735, 20289
62735, 20323
62735, 20357
62735, 20390
62735, 20424
62735, 20457
62735, 20491
62735, 20525
62735, 20558
62735, 20591
62735, 20625
62735, 20659
62735, 20692
62735, 20726
62735, 20759
62735, 20793
62735, 20827
62735, 20860
62735, 20893
62735, 20927
62735, 20961
62735, 20995
62735, 21028
62735, 21061
62735, 21095
62735, 21129
62735, 21163
62735, 21195
62735, 21229
62735, 21263
62735, 21297
62735, 21330
62735, 21363
62735, 21397
62735, 21431
62735, 21465
62735, 21497
62735, 21531
62735, 21565
62735, 21599
62735, 21633
62735, 21665
62735, 21699
62735, 21733
62735, 21767
62735, 21799
62735, 21833
62735, 21867
62735, 21901
62735, 21935
62735, 21967
62735, 22001
62735, 22035
62735, 22069
62735, 22102
62735, 22135
62735, 22169
62735, 22203
62735, 22237
62735, 22269
62735, 22303
62735, 22337
62735, 22371
62735, 22404
62735, 22437
62735, 22471
62735, 22505
62735, 22539
62735, 22572
62735, 22605
62735, 22639
62735, 22673
62735, 22706
62735, 22739
62735, 22773
62735, 22807
62735, 22841
62735, 22874
62735, 22907
62735, 22941
62735, 22975
62735, 23008
62735, 23042
62735, 23075
62735, 23109
62735, 23143
62735, 23176
62735, 23209
62735, 23243
62735, 23277
62735, 23310
62735, 23344
62735, 23377
62735, 23411
62735, 23445
62735, 23478
62735, 23512
62735, 23545
62735, 23579
62735, 23612
62735, 23646
62735, 23680
62735, 23713
62735, 23747
62735, 23780
62735, 23814
62735, 23847
62735, 23881
62735, 23914
62735, 23948
62735, 23982
62735, 24015
62735, 24049
62735, 24082
62735, 24116
62735, 24150
62735, 24183
62735, 24216
62735, 24250
62735, 24284
62735, 24317
62735, 24351
62735, 24384
62735, 24418
62735, 24452
62735, 24485
62735, 24518
62735, 24552
62735, 24586
62735, 24620
62735, 24653
62735, 24686
62735, 24720
62735, 24754
62735, 24787
62735, 24820
62735, 24854
62735, 24888
62735, 24922
62735, 24955
62735, 24988
62735, 25022
62735, 25056
62735, 25090
62735, 25122
62735, 25156
62735, 25190
62735, 25224
62735, 25257
62735, 25290
62735, 25324
62735, 25358
62735, 25392
62735, 25424
62735, 25458
62735, 25492
62735, 25526
62735, 25560
62735, 25592
62735, 25626
62735, 25660
62735, 25694
62735, 25726
62735, 25760
62735, 25794
62735, 25828
62735, 25862
62735, 25894
62735, 25928
62735, 25962
62735, 25996
62735, 26030
62735, 26062
62735, 26096
62735, 26130
62735, 26164
62735, 26196
62735, 26230
62735, 26264
62735, 26298
62735, 26332
62735, 26364
62735, 26398
62735, 26432
62735, 26466
62735, 26499
62735, 26532
62735, 26566
62735, 26600
62735, 26634
62735, 26667
62735, 26700
62735, 26734
62735, 26768
62735, 26801
62735, 26834
62735, 26868
62735, 26902
62735, 26936
62735, 26969
62735, 27002
62735, 27036
62735, 27070
62735, 27103
62735, 27137
62735, 27170
62735, 27204
62735, 27238
62735, 27271
62735, 27304
62735, 27338
62735, 27372
62735, 27405
62735, 27439
62735, 27472
62735, 27506
62735, 27540
62735, 27573
62735, 27607
62735, 27640
62735, 27674
62735, 27707
62735, 27741
62735, 27774
62735, 27808
62735, 27842
62735, 27875
62735, 27909
62735, 27942
62735, 27976
62735, 28009
62735, 28043
62735, 28077
62735, 28110
62735, 28144
62735, 28177
62735, 28211
62735, 28244
62735, 28278
62735, 28311
62735, 28345
62735, 28379
62735, 28412
62735, 28446
62735, 28479
62735, 28513
62735, 28547
62735, 28580
62735, 28613
62735, 28647
62735, 28681
62735, 28715
62735, 28748
62735, 28781
62735, 28815
62735, 28849
62735, 28882
62735, 28915
62735, 28949
62735, 28983
62735, 29017
62735, 29050
62735, 29083
62735, 29117
62735, 29151
62735, 29185
62735, 29217
62735, 29251
62735, 29285
62735, 29319
62735, 29352
62735, 29385
62735, 29419
62735, 29453
62735, 29487
62735, 29519
62735, 29553
62735, 29587
62735, 29621
62735, 29655
62735, 29687
62735, 29721
62735, 29755
62735, 29789
62735, 29821
62735, 29855
62735, 29889
62735, 29923
62735, 29957
62735, 29989
62735, 30023
62735, 30057
62735, 30091
62735, 30124
62735, 30157
62735, 30191
62735, 30225
62735, 30259
62735, 30291
62735, 30325
62735, 30359
62735, 30393
62735, 30426
62735, 30459
62735, 30493
62735, 30527
62735, 30561
62735, 30594
62735, 30627
62735, 30661
62735, 30695
62735, 30728
62735, 30761
62735, 30795
62735, 30829
62735, 30863
62735, 30896
62735, 30929
62735, 30963
62735, 30997
62735, 31030
62735, 31064
62735, 31097
62735, 31131
62735, 31165
62735, 31198
62735, 31232
62735, 31265
62735, 31299
62735, 31333
62735, 31366
62735, 31399
62735, 31433
62735, 31467
62735, 31500
62735, 31534
62735, 31567
62735, 31601
62735, 31635
62735, 31668
62735, 31702
62735, 31735
62735, 31769
62735, 31802
62735, 31836
62735, 31869
62735, 31903
62735, 31937
62735, 31970
62735, 32004
62735, 32037
62735, 32071
62735, 32104
62735, 32138
62735, 32172
62735, 32205
62735, 32239
62735, 32272
62735, 32306
62735, 32339
62735, 32373
62735, 32406
62735, 32440
62735, 32474
62735, 32507
62735, 32541
62735, 32574
62735, 32608
62735, 32642
62735, 32675
62735, 32708
62735, 32742
62735, 32776
62735, 32809
62735, 32843
62735, 32876
62735, 32910
62735, 32944
62735, 32977
62735, 33010
62735, 33044
62735, 33078
62735, 33112
62735, 33145
62735, 33178
62735, 33212
62735, 33246
62735, 33280
62735, 33312
62735, 33346
62735, 33380
62735, 33414
62735, 33447
62735, 33480
62735, 33514
62735, 33548
62735, 33582
62735, 33614
62735, 33648
62735, 33682
62735, 33716
62735, 33750
62735, 33782
62735, 33816
62735, 33850
62735, 33884
62735, 33916
62735, 33950
62671, 33984
62735, 34018
62735, 34052
62735, 34084
62735, 34118
62735, 34152
62735, 34186
62735, 34219
62735, 34252
62735, 34286
62735, 34320
62735, 34354
62735, 34386
62735, 34420
62735, 34454
62735, 34488
62735, 34521
62735, 34554
62735, 34588
62735, 34622
62735, 34656
62671, 34689
62735, 34722
62671, 34756
62735, 34790
62735, 34823
62735, 34856
62671, 34890
62671, 34924
62671, 34958
62671, 34991
62671, 35024
62671, 35058
62671, 35092
62671, 35125
62671, 35159
62671, 35192
62671, 35226
62671, 35260
62671, 35293
62671, 35326
62671, 35360
62671, 35394
62671, 35428
62735, 35461
62735, 35494
62671, 35528
62671, 35562
62671, 35595
62671, 35629
62671, 35662
62671, 35696
62671, 35730
62671, 35763
62671, 35796
62671, 35830
62671, 35864
62671, 35897
62479, 35931
62479, 35964
62671, 35998
62479, 36032
62671, 36065
62671, 36099
62479, 36132
62671, 36166
62479, 36199
62671, 36233
62671, 36267
62479, 36300
62671, 36334
62479, 36367
62479, 36401
62671, 36434
62671, 36468
62479, 36501
62479, 36535
62671, 36569
62671, 36602
62479, 36636
62479, 36669
62671, 36703
62479, 36737
62479, 36770
62479, 36803
62671, 36837
62479, 36871
62479, 36904
62671, 36938
62671, 36971
62479, 37005
62479, 37039
62671, 37072
62671, 37105
62671, 37139
62479, 37173
62671, 37207
62479, 37240
62671, 37273
62671, 37307
62671, 37341
62479, 37374
62671, 37407
62671, 37441
62671, 37475
62671, 37509
62479, 37542
62479, 37575
62671, 37609
62671, 37643
62671, 37677
62671, 37709
62479, 37743
62671, 37777
62671, 37811
62671, 37844
62479, 37877
62671, 37911
62671, 37945
62479, 37979
62671, 38011
62671, 38045
62479, 38079
62671, 38113
62671, 38147
62671, 38179
62671, 38213
62671, 38247
62671, 38281
62671, 38313
62479, 38347
62479, 38381
62671, 38415
62671, 38449
62671, 38481
62479, 38515
62671, 38549
62671, 38583
62671, 38617
62671, 38649
62479, 38683
62671, 38717
62671, 38751
62671, 38784
62479, 38817
62671, 38851
62671, 38885
62671, 38919
62671, 38951
62671, 38985
62671, 39019
62671, 39053
62479, 39086
62671, 39119
62671, 39153
62671, 39187
62671, 39221
62671, 39254
62671, 39287
62735, 39321
62671, 39355
62671, 39388
62671, 39421
62671, 39455
62671, 39489
62671, 39523
62671, 39556
62735, 39589
62671, 39623
62671, 39657
62671, 39690
62671, 39724
62671, 39757
62671, 39791
62671, 39825
62735, 39858
62671, 39891
62735, 39925
62671, 39959
62735, 39992
62735, 40026
62671, 40059
62735, 40093
62735, 40127
62671, 40160
62671, 40194
62671, 40227
62735, 40261
62671, 40294
62735, 40328
62735, 40361
62735, 40395
62671, 40429
62735, 40462
62735, 40496
62671, 40529
62671, 40563
62735, 40596
62671, 40630
62735, 40664
62735, 40697
62671, 40731
62735, 40764
62735, 40798
62735, 40832
62671, 40865
62735, 40899
62735, 40932
62735, 40966
62735, 40999
62735, 41033
62735, 41066
62735, 41100
62735, 41134
62735, 41167
62735, 41201
62735, 41234
62735, 41268
62735, 41302
62735, 41335
62735, 41368
62735, 41402
62735, 41436
62671, 41469
62735, 41503
62735, 41536
62735, 41570
62671, 41604
62735, 41637
62735, 41670
62735, 41704
62735, 41738
62735, 41772
62735, 41805
62671, 41838
62735, 41872
62735, 41906
62735, 41939
62735, 41972
62735, 42006
62735, 42040
62735, 42074
62735, 42107
62735, 42140
62735, 42174
62735, 42208
62735, 42242
62735, 42274
62735, 42308
62735, 42342
62735, 42376
62735, 42409
62735, 42442
62735, 42476
62671, 42510
62735, 42544
62735, 42576
62735, 42610
62735, 42644
62735, 42678
62735, 42712
62735, 42744
62735, 42778
62735, 42812
62735, 42846
62735, 42878
62735, 42912
62735, 42946
62735, 42980
62735, 43014
62735, 43046
62735, 43080
62735, 43114
62735, 43148
62735, 43181
62735, 43214
62735, 43248
62735, 43282
62735, 43316
62735, 43348
62735, 43382
62735, 43416
62735, 43450
62735, 43483
62735, 43516
62735, 43550
62735, 43584
62735, 43618
62735, 43651
62735, 43684
62735, 43718
62735, 43752
62735, 43785
62735, 43819
62671, 43852
62735, 43886
62735, 43920
62735, 43953
62735, 43986
62735, 44020
62735, 44054
62671, 44087
62671, 44121
62735, 44154
62735, 44188
62671, 44222
62671, 44255
62735, 44289
62671, 44322
62671, 44356
62671, 44389
62735, 44423
62671, 44456
62735, 44490
62735, 44524
62735, 44557
62671, 44591
62735, 44624
62671, 44658
62671, 44691
62735, 44725
62671, 44759
62671, 44792
62671, 44826
62671, 44859
62735, 44893
62735, 44926
62671, 44960
62671, 44994
62671, 45027
62671, 45061
62671, 45094
62671, 45128
62671, 45161
62671, 45195
62671, 45229
62671, 45262
62735, 45296
62735, 45329
62671, 45363
62671, 45396
62671, 45430
62671, 45463
62671, 45497
62671, 45531
62671, 45564
62671, 45598
62671, 45631
62671, 45665
62671, 45699
62671, 45732
62671, 45765
62671, 45799
62671, 45833
62671, 45867
62671, 45900
62671, 45933
62671, 45967
62671, 46001
62671, 46034
62671, 46067
62671, 46101
62671, 46135
62671, 46169
62671, 46202
62671, 46235
62479, 46269
62671, 46303
62671, 46337
62671, 46369
62671, 46403
62671, 46437
62671, 46471
62671, 46504
62671, 46537
62671, 46571
62671, 46605
62479, 46639
62671, 46671
62479, 46705
62671, 46739
62671, 46773
62671, 46807
62671, 46839
62671, 46873
62671, 46907
62671, 46941
62671, 46973
62479, 47007
62671, 47041
62671, 47075
62671, 47109
62671, 47141
62671, 47175
62671, 47209
62671, 47243
62671, 47276
62671, 47309
62671, 47343
62735, 47377
62671, 47411
62671, 47443
62671, 47477
62671, 47511
62671, 47545
62671, 47579
62671, 47611
62671, 47645
62671, 47679
62671, 47713
62671, 47746
62671, 47779
62671, 47813
62671, 47847
62671, 47881
62671, 47913
62671, 47947
62671, 47981
62671, 48015
62671, 48048
62671, 48081
62671, 48115
62671, 48149
62671, 48183
62671, 48216
62671, 48249
62671, 48283
62671, 48317
62671, 48350
62671, 48384
62671, 48417
62671, 48451
62671, 48485
62671, 48518
62671, 48551
62671, 48585
62671, 48619
62671, 48652
62671, 48686
62671, 48719
62479, 48753
62479, 48787
62671, 48820
62671, 48854
62671, 48887
62671, 48921
62479, 48954
62671, 48988
62479, 49021
62479, 49055
62671, 49089
62671, 49122
62671, 49156
62671, 49189
62671, 49223
62671, 49256
62479, 49290
62671, 49324
62671, 49357
62671, 49391
62479, 49424
62479, 49458
62479, 49491
62671, 49525
62671, 49558
62479, 49592
62671, 49626
62671, 49659
62671, 49693
62671, 49726
62671, 49760
62479, 49794
62479, 49827
62671, 49860
62671, 49894
62479, 49928
62671, 49961
62671, 49995
62479, 50028
62479, 50062
62479, 50096
62479, 50129
62479, 50162
62671, 50196
62671, 50230
62671, 50264
62479, 50297
62479, 50330
62671, 50364
62479, 50398
62479, 50432
62479, 50465
62479, 50498
62479, 50532
62479, 50566
62671, 50599
62671, 50632
62671, 50666
62479, 50700
62671, 50734
62479, 50767
62671, 50800
62671, 50834
62479, 50868
62671, 50902
62479, 50934
62479, 50968
62479, 51002
62479, 51036
62479, 51069
62479, 51102
62479, 51136
62479, 51170
62671, 51204
62479, 51236
62479, 51270
62479, 51304
62671, 51338
62479, 51372
62479, 51404
62479, 51438
62479, 51472
62479, 51506
62479, 51538
62671, 51572
62479, 51606
62479, 51640
62479, 51674
62671, 51706
62479, 51740
62479, 51774
62671, 51808
62671, 51841
62479, 51874
62671, 51908
62671, 51942
62671, 51976
62479, 52008
62479, 52042
62671, 52076
62479, 52110
62479, 52143
62671, 52176
62671, 52210
62479, 52244
62479, 52278
62479, 52311
62479, 52344
62479, 52378
62479, 52412
62479, 52445
62479, 52478
62479, 52512
62479, 52546
62479, 52580
62479, 52613
62479, 52646
62671, 52680
62671, 52714
62479, 52747
62479, 52781
62479, 52814
62671, 52848
62479, 52882
62671, 52915
62671, 52948
62671, 52982
62479, 53016
62671, 53049
62671, 53083
62671, 53116
62671, 53150
62671, 53184
62479, 53217
62671, 53251
62671, 53284
62671, 53318
62671, 53351
62735, 53385
62671, 53419
62671, 53452
62671, 53486
62671, 53519
62671, 53553
62671, 53586
62671, 53620
62735, 53654
62671, 53687
62671, 53721
62671, 53754
62735, 53788
62671, 53821
62671, 53855
62671, 53889
62671, 53922
62735, 53956
62671, 53989
62735, 54023
62671, 54056
62671, 54090
62671, 54123
62671, 54157
62671, 54191
62671, 54224
62735, 54258
62735, 54291
62671, 54325
62671, 54359
62735, 54392
62735, 54425
62671, 54459
62735, 54493
62671, 54526
62735, 54560
62671, 54593
62735, 54627
62735, 54661
62671, 54694
62671, 54727
62735, 54761
62671, 54795
62735, 54829
62671, 54862
62735, 54895
62671, 54929
62735, 54963
62671, 54996
62735, 55029
62735, 55063
62671, 55097
62735, 55131
62671, 55164
62671, 55197
62735, 55231
62671, 55265
62735, 55299
62671, 55331
62735, 55365
62735, 55399
62735, 55433
62735, 55467
62671, 55499
62671, 55533
62671, 55567
62735, 55601
62671, 55633
62735, 55667
62735, 55701
62671, 55735
62735, 55769
62671, 55801
62671, 55835
62735, 55869
62671, 55903
62671, 55936
62735, 55969
62735, 56003
62735, 56037
62735, 56071
62735, 56103
62735, 56137
62671, 56171
62735, 56205
62671, 56239
62671, 56271
62671, 56305
62671, 56339
62735, 56373
62735, 56406
62671, 56439
62735, 56473
62735, 56507
62735, 56541
62735, 56573
62671, 56607
62735, 56641
62735, 56675
62671, 56708
62735, 56741
62735, 56775
62735, 56809
62735, 56843
62735, 56876
62735, 56909
62735, 56943
62671, 56977
62735, 57010
62735, 57043
62735, 57077
62735, 57111
62735, 57145
62735, 57178
62735, 57211
62735, 57245
62735, 57279
62735, 57312
62735, 57346
62735, 57379
62735