86
62479, 105219
62479, 105252
62479, 105286
62479, 105320
62479, 105354
62479, 105388
62479, 105420
62479, 105454
62479, 1102
62479, 1135
62479, 1169
62479, 1203
62479, 1236
62479, 1269
62479, 1303
62479, 1337
62479, 1371
62479, 1403
62479, 1437
62479, 1471
62479, 1505
62479, 1538
62479, 1571
62479, 1605
62479, 1638
62479, 1672
62479, 1705
62479, 1739
62479, 1772
62479, 1806
62479, 1840
62479, 1873
62479, 1906
62479, 1940
62479, 1974
62479, 2008
62479, 2040
62479, 2074
62479, 2108
62479, 2142
62479, 2174
62479, 2208
62479, 2242
62479, 2275
62479, 2309
62479, 2342
62479, 2376
62479, 2409
62479, 2443
62479, 2477
62479, 2510
62479, 2543
62479, 2577
62479, 2611
62479, 2644
62479, 2677
62479, 2711
62479, 2745
62479, 2778
62479, 2811
62479, 2845
62479, 2879
62479, 2912
62479, 2946
62479, 2979
62479, 3013
62479, 3046
62479, 3080
62479, 3113
62479, 3147
62479, 3180
62479, 3214
62479, 3248
62479, 3281
62479, 3314
62479, 3348
62479, 3382
62479, 3415
62479, 3448
62479, 3482
62479, 3516
62479, 3549
62479, 3582
62479, 3616
62479, 3650
62479, 3683
62479, 3717
62479, 3750
62479, 3784
62479, 3817
62479, 3851
62479, 3885
62479, 3917
62479, 3951
62479, 3985
62479, 4019
62479, 4051
62479, 4085
62479, 4119
62479, 4153
62479, 4186
62479, 4219
62479, 4253
62479, 4287
62479, 4320
62479, 4354
62479, 4387
62479, 4420
62479, 4454
62479, 4488
62479, 4521
62479, 4554
62479, 4588
62479, 4622
62479, 4656
62479, 4688
62479, 4722
62479, 4756
62479, 4790
62479, 4823
62479, 4856
62479, 4890
62479, 4924
62479, 4957
62479, 4990
62479, 5024
62479, 5057
62479, 5091
62479, 5125
62479, 5158
62479, 5191
62479, 5225
62479, 5259
62479, 5293
62479, 5325
62479, 5359
62479, 5393
62479, 5427
62479, 5459
62479, 5493
62479, 5527
62479, 5560
62479, 5594
62479, 5627
62479, 5661
62479, 5694
62479, 5728
62479, 5762
62479, 5795
62479, 5828
62479, 5862
62479, 5896
62479, 5929
62479, 5962
62479, 5996
62479, 6030
62479, 6064
62479, 6096
62479, 6130
62479, 6164
62479, 6197
62479, 6231
62479, 6264
62479, 6298
62479, 6331
62479, 6365
62479, 6398
62479, 6432
62479, 6465
62479, 6499
62479, 6533
62479, 6566
62479, 6599
62479, 6633
62479, 6667
62479, 6700
62479, 6733
62479, 6767
62479, 6801
62479, 6834
62479, 6867
62479, 6901
62479, 6935
62479, 6968
62479, 7002
62479, 7035
62479, 7069
62479, 7102
62479, 7136
62479, 7170
62479, 7203
62479, 7236
62479, 7270
62479, 7304
62479, 7336
62479, 7370
62479, 7404
62479, 7438
62479, 7471
62479, 7504
62479, 7538
62479, 7572
62479, 7605
62479, 7639
62479, 7672
62479, 7706
62479, 7739
62479, 7773
62479, 7806
62479, 7839
62479, 7873
62479, 7907
62479, 7941
62479, 7973
62479, 8007
62479, 8041
62479, 8075
62479, 8108
62479, 8141
62479, 8175
62479, 8209
62479, 8242
62479, 8275
62479, 8309
62479, 8343
62479, 8376
62479, 8410
62479, 8443
62479, 8476
62479, 8510
62479, 8544
62479, 8578
62479, 8610
62479, 8644
62479, 8678
62479, 8712
62479, 8744
62479, 8778
62479, 8812
62479, 8846
62479, 8879
62479, 8912
62479, 8946
62479, 8979
62479, 9013
62479, 9047
62479, 9080
62479, 9113
62479, 9147
62479, 9181
62479, 9214
62479, 9247
62479, 9281
62479, 9315
62479, 9349
62479, 9381
62479, 9415
62479, 9449
62479, 9483
62479, 9516
62479, 9549
62479, 9583
62479, 9616
62479, 9650
62479, 9683
62479, 9717
62479, 9750
62479, 9784
62479, 9818
62479, 9851
62479, 9884
62479, 9918
62479, 9952
62479, 9986
62479, 10018
62479, 10052
62479, 10086
62479, 10120
62479, 10152
62479, 10186
62479, 10220
62479, 10254
62479, 10288
62479, 10320
62479, 10354
62479, 10388
62479, 10422
62479, 10455
62479, 10488
62479, 10522
62479, 10556
62479, 10590
62479, 10622
62479, 10656
62479, 10690
62479, 10724
62479, 10757
62479, 10790
62479, 10824
62479, 10858
62479, 10892
62479, 10925
62479, 10958
62479, 10992
62479, 11026
62479, 11059
62479, 11092
62479, 11126
62479, 11160
62479, 11194
62479, 11227
62479, 11260
62479, 11294
62479, 11328
62479, 11361
62479, 11395
62479, 11428
62479, 11462
62479, 11496
62479, 11529
62479, 11563
62479, 11596
62479, 11630
62479, 11663
62479, 11697
62479, 11730
62479, 11764
62479, 11798
62479, 11831
62479, 11865
62479, 11898
62479, 11932
62479, 11965
62479, 11999
62479, 12033
62479, 12066
62479, 12100
62479, 12133
62479, 12167
62479, 12200
62479, 12234
62479, 12267
62479, 12301
62479, 12335
62479, 12368
62479, 12402
62479, 12435
62479, 12469
62479, 12503
62479, 12536
62479, 12569
62479, 12603
62479, 12637
62479, 12670
62479, 12704
62479, 12737
62479, 12771
62479, 12805
62479, 12838
62479, 12871
62479, 12905
62479, 12939
62479, 12973
62479, 13006
62479, 13039
62479, 13073
62479, 13107
62479, 13140
62479, 13173
62479, 13207
62479, 13241
62479, 13275
62479, 13308
62479, 13341
62479, 13375
62479, 13409
62479, 13443
62479, 13475
62479, 13509
62479, 13543
62479, 13577
62479, 13611
62479, 13643
62479, 13677
62479, 13711
62479, 13745
62479, 13777
62479, 13811
62479, 13845
62479, 13879
62479, 13913
62479, 13945
62479, 13979
62479, 14013
62479, 14047
62479, 14080
62479, 14113
62479, 14147
62479, 14181
62479, 14215
62479, 14247
62479, 14281
62479, 14315
62479, 14349
62479, 14382
62479, 14415
62479, 14449
62479, 14483
62479, 14517
62479, 14550
62479, 14583
62479, 14617
62479, 14651
62479, 14684
62479, 14717
62479, 14751
62479, 14785
62479, 14819
62479, 14852
62479, 14885
62479, 14919
62479, 14953
62479, 14986
62479, 15020
62479, 15053
62479, 15087
62479, 15121
62479, 15154
62479, 15187
62479, 15221
62479, 15255
62479, 15288
62479, 15322
62479, 15355
62479, 15389
62479, 15423
62479, 15456
62479, 15490
62479, 15523
62479, 15557
62479, 15590
62479, 15624
62479, 15657
62479, 15691
62479, 15725
62479, 15758
62479, 15792
62479, 15825
62479, 15859
62479, 15892
62479, 15926
62479, 15960
62479, 15993
62479, 16027
62479, 16060
62479, 16094
62479, 16128
62479, 16161
62479, 16194
62479, 16228
62479, 16262
62479, 16295
62479, 16329
62479, 16362
62479, 16396
62479, 16430
62479, 16463
62479, 16496
62479, 16530
62479, 16564
62479, 16598
62479, 16631
62479, 16664
62479, 16698
62479, 16732
62479, 16765
62479, 16798
62479, 16832
62479, 16866
62479, 16900
62479, 16933
62479, 16966
62479, 17000
62479, 17034
62479, 17068
62479, 17100
62479, 17134
62479, 17168
62479, 17202
62479, 17235
62479, 17268
62479, 17302
62479, 17336
62479, 17370
62479, 17402
62479, 17436
62415, 17470
62479, 17504
62479, 17538
62479, 17570
62479, 17604
62479, 17638
62479, 17672
62479, 17705
62479, 17738
62479, 17772
62479, 17806
62479, 17840
62479, 17872
62479, 17906
62479, 17940
62479, 17974
62479, 18008
62479, 18040
62479, 18074
62479, 18108
62479, 18142
62479, 18174
62415, 18208
62479, 18242
62479, 18276
62479, 18310
62479, 18342
62479, 18376
62479, 18410
62479, 18444
62479, 18477
62479, 18510
62479, 18544
62479, 18578
62479, 18612
62479, 18644
62479, 18678
62479, 18712
62479, 18746
62479, 18779
62479, 18812
62479, 18846
62479, 18880
62479, 18914
62479, 18947
62479, 18980
62479, 19014
62479, 19048
62479, 19081
62479, 19115
62479, 19148
62479, 19182
62479, 19216
62479, 19249
62479, 19282
62479, 19316
62479, 19350
62479, 19383
62479, 19417
62479, 19450
62479, 19484
62479, 19518
62479, 19551
62479, 19585
62479, 19618
62479, 19652
62479, 19685
62479, 19719
62479, 19752
62479, 19786
62479, 19820
62479, 19853
62479, 19887
62479, 19920
62479, 19954
62479, 19987
62479, 20021
62479, 20055
62479, 20088
62479, 20122
62479, 20155
62479, 20189
62479, 20222
62479, 20256
62479, 20289
62479, 20323
62479, 20357
62479, 20390
62479, 20424
62479, 20457
62479, 20491
62479, 20525
62479, 20558
62479, 20591
62479, 20625
62479, 20659
62479, 20692
62479, 20726
62479, 20759
62479, 20793
62479, 20827
62479, 20860
62479, 20893
62479, 20927
62479, 20961
62479, 20995
62479, 21028
62479, 21061
62479, 21095
62479, 21129
62479, 21163
62479, 21195
62479, 21229
62479, 21263
62479, 21297
62479, 21330
62479, 21363
62479, 21397
62479, 21431
62479, 21465
62479, 21497
62479, 21531
62479, 21565
62479, 21599
62479, 21633
62479, 21665
62479, 21699
62479, 21733
62479, 21767
62479, 21799
62479, 21833
62479, 21867
62479, 21901
62479, 21935
62479, 21967
62479, 22001
62479, 22035
62479, 22069
62479, 22102
62479, 22135
62479, 22169
62479, 22203
62479, 22237
62479, 22269
62479, 22303
62479, 22337
62479, 22371
62479, 22404
62479, 22437
62479, 22471
62479, 22505
62479, 22539
62479, 22572
62479, 22605
62479, 22639
62479, 22673
62479, 22707
62479, 22739
62479, 22773
62479, 22807
62479, 22841
62479, 22874
62479, 22907
62479, 22941
62479, 22975
62479, 23009
62479, 23042
62479, 23075
62479, 23109
62479, 23143
62479, 23176
62479, 23209
62479, 23243
62479, 23277
62479, 23311
62479, 23344
62479, 23377
62479, 23411
62479, 23445
62479, 23478
62479, 23512
62479, 23545
62479, 23579
62479, 23613
62479, 23646
62479, 23680
62479, 23713
62479, 23747
62479, 23780
62479, 23814
62479, 23847
62479, 23881
62479, 23915
62479, 23948
62479, 23982
62479, 24015
62479, 24049
62479, 24082
62479, 24116
62479, 24150
62479, 24183
62479, 24217
62479, 24250
62479, 24284
62479, 24317
62479, 24351
62479, 24384
62479, 24418
62479, 24452
62479, 24485
62479, 24519
62479, 24552
62479, 24586
62479, 24620
62479, 24653
62479, 24686
62479, 24720
62479, 24754
62479, 24787
62479, 24821
62479, 24854
62479, 24888
62479, 24922
62479, 24955
62479, 24988
62479, 25022
62479, 25056
62479, 25090
62479, 25123
62479, 25156
62479, 25190
62479, 25224
62479, 25257
62479, 25290
62479, 25324
62479, 25358
62479, 25392
62479, 25425
62479, 25458
62479, 25492
62479, 25526
62479, 25560
62479, 25592
62479, 25626
62479, 25660
62479, 25694
62479, 25728
62479, 25760
62479, 25794
62479, 25828
62479, 25862
62479, 25894
62479, 25928
62479, 25962
62479, 25996
62479, 26030
62479, 26062
62479, 26096
62479, 26130
62479, 26164
62479, 26196
62479, 26230
62479, 26264
62479, 26298
62479, 26332
62479, 26364
62479, 26398
62479, 26432
62479, 26466
62479, 26499
62479, 26532
62479, 26566
62479, 26600
62479, 26634
62479, 26667
62479, 26700
62479, 26734
62479, 26768
62479, 26801
62479, 26834
62479, 26868
62479, 26902
62479, 26936
62479, 26969
62479, 27002
62479, 27036
62479, 27070
62479, 27104
62479, 27137
62479, 27170
62479, 27204
62479, 27238
62479, 27271
62479, 27304
62479, 27338
62479, 27372
62479, 27406
62479, 27439
62479, 27472
62479, 27506
62479, 27540
62479, 27573
62479, 27607
62479, 27640
62479, 27674
62479, 27708
62479, 27741
62479, 27774
62479, 27808
62479, 27842
62479, 27875
62479, 27909
62479, 27942
62479, 27976
62479, 28010
62479, 28043
62479, 28077
62479, 28110
62479, 28144
62479, 28177
62479, 28211
62479, 28244
62479, 28278
62479, 28312
62479, 28345
62479, 28379
62479, 28412
62479, 28446
62479, 28479
62479, 28513
62479, 28547
62479, 28580
62479, 28614
62479, 28647
62479, 28681
62479, 28715
62479, 28748
62479, 28781
62479, 28815
62479, 28849
62479, 28882
62479, 28916
62479, 28949
62479, 28983
62479, 29017
62479, 29050
62479, 29083
62479, 29117
62479, 29151
62479, 29185
62479, 29218
62479, 29251
62479, 29285
62479, 29319
62479, 29352
62479, 29385
62479, 29419
62479, 29453
62479, 29487
62479, 29520
62479, 29553
62479, 29587
62479, 29621
62479, 29655
62479, 29687
62479, 29721
62479, 29755
62479, 29789
62479, 29822
62479, 29855
62479, 29889
62479, 29923
62479, 29957
62479, 29989
62479, 30023
62479, 30057
62479, 30091
62479, 30125
62479, 30157
62479, 30191
62479, 30225
62479, 30259
62479, 30291
62479, 30325
62479, 30359
62479, 30393
62479, 30427
62479, 30459
62479, 30493
62479, 30527
62479, 30561
62479, 30594
62479, 30627
62479, 30661
62479, 30695
62479, 30729
62479, 30761
62479, 30795
62479, 30829
62479, 30863
62479, 30897
62479, 30929
62479, 30963
62479, 30997
62479, 31031
62479, 31064
62479, 31097
62479, 31131
62479, 31165
62479, 31199
62479, 31232
62479, 31265
62479, 31299
62479, 31333
62479, 31366
62479, 31399
62479, 31433
62479, 31467
62479, 31501
62479, 31534
62479, 31567
62479, 31601
62479, 31635
62479, 31668
62479, 31702
62479, 31735
62479, 31769
62479, 31803
62479, 31836
62479, 31869
62479, 31903
62479, 31937
62479, 31970
62479, 32004
62479, 32037
62479, 32071
62479, 32105
62479, 32138
62479, 32172
62479, 32205
62479, 32239
62479, 32272
62479, 32306
62479, 32339
62479, 32373
62479, 32407
62479, 32440
62479, 32474
62479, 32507
62479, 32541
62479, 32574
62479, 32608
62479, 32642
62479, 32675
62479, 32709
62479, 32742
62479, 32776
62479, 32809
62479, 32843
62479, 32876
62479, 32910
62479, 32944
62479, 32977
62479, 33011
62479, 33044
62479, 33078
62479, 33112
62479, 33145
62479, 33178
62479, 33212
62479, 33246
62479, 33280
62479, 33313
62479, 33346
62479, 33380
62479, 33414
62479, 33447
62479, 33480
62479, 33514
62479, 33548
62479, 33582
62479, 33615
62479, 33648
62479, 33682
62479, 33716
62479, 33750
62479, 33782
62479, 33816
62479, 33850
62479, 33884
62479, 33917
62479, 33950
62479, 33984
62479, 34018
62479, 34052
62479, 34084
62479, 34118
62479, 34152
62479, 34186
62479, 34220
62479, 34252
62479, 34286
62479, 34320
62479, 34354
62479, 34387
62479, 34420
62479, 34454
62479, 34488
62479, 34522
62479, 34554
62479, 34588
62479, 34622
62479, 34656
62479, 34690
62479, 34722
62479, 34756
62479, 34790
62479, 34824
62479, 34856
62479, 34890
62479, 34924
62479, 34958
62479, 34992
62479, 35024
62479, 35058
62479, 35092
62479, 35126
62479, 35159
62479, 35192
62479, 35226
62479, 35260
62479, 35294
62479, 35326
62479, 35360
62479, 35394
62479, 35428
62479, 35461
62479, 35494
62479, 35528
62479, 35562
62479, 35596
62479, 35629
62479, 35662
62479, 35696
62479, 35730
62479, 35763
62479, 35796
62479, 35830
62479, 35864
62479, 35898
62479, 35931
62479, 35964
62479, 35998
62479, 36032
62479, 36065
62479, 36099
62479, 36132
62479, 36166
62479, 36200
62479, 36233
62479, 36267
62479, 36300
62479, 36334
62479, 36367
62479, 36401
62479, 36434
62479, 36468
62479, 36502
62479, 36535
62479, 36569
62479, 36602
62479, 36636
62479, 36669
62479, 36703
62479, 36737
62479, 36770
62479, 36804
62479, 36837
62479, 36871
62479, 36904
62479, 36938
62479, 36971
62479, 37005
62479, 37039
62479, 37072
62479, 37106
62479, 37139
62479, 37173
62479, 37207
62479, 37240
62479, 37274
62479, 37307
62479, 37341
62479, 37374
62479, 37408
62479, 37441
62479, 37475
62479, 37509
62479, 37542
62479, 37576
62479, 37609
62479, 37643
62479, 37677
62479, 37710
62479, 37743
62479, 37777
62479, 37811
62479, 37844
62479, 37878
62479, 37911
62479, 37945
62479, 37979
62479, 38012
62479, 38045
62479, 38079
62479, 38113
62479, 38147
62479, 38180
62479, 38213
62479, 38247
62479, 38281
62415, 38315
62479, 38347
62479, 38381
62479, 38415
62479, 38449
62415, 38482
62479, 38515
62479, 38549
62479, 38583
62415, 38617
62479, 38649
62479, 38683
62415, 38717
62479, 38751
62415, 38785
62479, 38817
62479, 38851
62415, 38885
62415, 38919
62479, 38951
62415, 38985
62479, 39019
62479, 39053
62479, 39087
62479, 39119
62479, 39153
62415, 39187
62479, 39221
62415, 39254
62415, 39287
62415, 39321
62415, 39355
62415, 39389
62415, 39421
62415, 39455
62415, 39489
62415, 39523
62479, 39556
62479, 39589
62479, 39623
62415, 39657
62479, 39691
62479, 39724
62415, 39757
62479, 39791
62415, 39825
62479, 39858
62479, 39891
62415, 39925
62479, 39959
62415, 39993
62415, 40026
62479, 40059
62479, 40093
62479, 40127
62415, 40160
62479, 40194
62415, 40227
62479, 40261
62415, 40295
62415, 40328
62415, 40361
62479, 40395
62479, 40429
62415, 40463
62479, 40496
62415, 40529
62415, 40563
62415, 40597
62415, 40630
62479, 40664
62479, 40697
62415, 40731
62415, 40765
62479, 40798
62479, 40832
62415, 40865
62415, 40899
62479, 40932
62479, 40966
62479, 40999
62415, 41033
62479, 41067
62479, 41100
62415, 41134
62415, 41167
62479, 41201
62415, 41234
62479, 41268
62479, 41302
62479, 41335
62479, 41369
62415, 41402
62415, 41436
62415, 41469
62479, 41503
62415, 41536
62415, 41570
62415, 41604
62415, 41637
62415, 41671
62415, 41704
62415, 41738
62415, 41772
62479, 41805
62415, 41838
62479, 41872
62479, 41906
62415, 41939
62415, 41973
62415, 42006
62479, 42040
62415, 42074
62415, 42107
62479, 42140
62479, 42174
62415, 42208
62415, 42242
62415, 42275
62415, 42308
62415, 42342
62415, 42376
62415, 42409
62415, 42442
62415, 42476
62415, 42510
62415, 42544
62415, 42577
62415, 42610
62415, 42644
62415, 42678
62415, 42712
62415, 42744
62479, 42778
62415, 42812
62415, 42846
62415, 42880
62415, 42912
62415, 42946
62415, 42980
62415, 43014
62415, 43046
62415, 43080
62415, 43114
62415, 43148
62415, 43182
62415, 43214
62415, 43248
62415, 43282
62479, 43316
62415, 43348
62415, 43382
62415, 43416
62415, 43450
62415, 43484
62415, 43516
62415, 43550
62415, 43584
62415, 43618
62415, 43651
62415, 43684
62415, 43718
62415, 43752
62415, 43786
62415, 43819
62415, 43852
62415, 43886
62415, 43920
62415, 43953
62415, 43986
62415, 44020
62415, 44054
62415, 44088
62415, 44121
62415, 44154
62415, 44188
62415, 44222
62415, 44255
62415, 44289
62415, 44322
62415, 44356
62415, 44390
62415, 44423
62415, 44456
62415, 44490
62415, 44524
62415, 44557
62415, 44591
62415, 44624
62415, 44658
62415, 44692
62415, 44725
62415, 44759
62415, 44792
62415, 44826
62415, 44859
62415, 44893
62415, 44926
62415, 44960
62415, 44994
62415, 45027
62415, 45061
62415, 45094
62415, 45128
62415, 45161
62415, 45195
62415, 45229
62415, 45262
62415, 45296
62415, 45329
62415, 45363
62415, 45396
62415, 45430
62415, 45463
62415, 45497
62415, 45531
62415, 45564
62415, 45598
62415, 45631
62415, 45665
62415, 45699
62415, 45732
62415, 45765
62415, 45799
62415, 45833
62415, 45867
62415, 45900
62415, 45933
62415, 45967
62415, 46001
62415, 46034
62415, 46067
62415, 46101
62415, 46135
62415, 46169
62415, 46202
62415, 46235
62415, 46269
62415, 46303
62415, 46337
62415, 46369
62415, 46403
62415, 46437
62415, 46471
62415, 46504
62415, 46537
62415, 46571
62415, 46605
62415, 46639
62415, 46672
62415, 46705
62415, 46739
62415, 46773
62415, 46807
62415, 46839
62415, 46873
62415, 46907
62415, 46941
62415, 46974
62415, 47007
62415, 47041
62415, 47075
62415, 47109
62415, 47141
62415, 47175
62415, 47209
62415, 47243
62415, 47277
62415, 47309
62415, 47343
62479, 47377
62415, 47411
62415, 47443
62415, 47477
62415, 47511
62415, 47545
62415, 47579
62415, 47611
62415, 47645
62415, 47679
62415, 47713
62415, 47746
62415, 47779
62415, 47813
62415, 47847
62415, 47881
62415, 47913
62415, 47947
62415, 47981
62415, 48015
62415, 48048
62415, 48081
62415, 48115
62415, 48149
62415, 48183
62415, 48216
62415, 48249
62415, 48283
62415, 48317
62415, 48350
62415, 48384
62415, 48417
62415, 48451
62415, 48485
62415, 48518
62415, 48551
62415, 48585
62415, 48619
62415, 48652
62415, 48686
62415, 48719
62415, 48753
62415, 48787
62415, 48820
62415, 48854
62415, 48887
62415, 48921
62415, 48954
62415, 48988
62415, 49021
62415, 49055
62415, 49089
62415, 49122
62415, 49156
62415, 49189
62415, 49223
62415, 49256
62415, 49290
62415, 49324
62415, 49357
62415, 49391
62415, 49424
62415, 49458
62415, 49491
62415, 49525
62415, 49558
62415, 49592
62415, 49626
62415, 49659
62415, 49693
62415, 49726
62415, 49760
62415, 49794
62415, 49827
62415, 49861
62415, 49894
62415, 49928
62415, 49961
62415, 49995
62415, 50028
62415, 50062
62415, 50096
62415, 50129
62415, 50163
62415, 50196
62415, 50230
62415, 50264
62415, 50297
62415, 50330
62415, 50364
62415, 50398
62415, 50432
62479, 50465
62415, 50498
62415, 50532
62415, 50566
62415, 50599
62415, 50632
62415, 50666
62415, 50700
62479, 50734
62415, 50767
62415, 50800
62415, 50834
62415, 50868
62415, 50902
62415, 50934
62415, 50968
62415, 51002
62415, 51036
62479, 51069
62415, 51102
62479, 51136
62415, 51170
62415, 51204
62415, 51236
62415, 51270
62415, 51304
62415, 51338
62415, 51372
62415, 51404
62415, 51438
62415, 51472
62415, 51506
62415, 51538
62415, 51572
62415, 51606
62415, 51640
62415, 51674
62415, 51706
62415, 51740
62415, 51774
62415, 51808
62415, 51841
62415, 51874
62415, 51908
62415, 51942
62415, 51976
62415, 52008
62415, 52042
62415, 52076
62415, 52110
62415, 52143
62415, 52176
62415, 52210
62415, 52244
62415, 52278
62415, 52311
62415, 52344
62415, 52378
62415, 52412
62415, 52445
62415, 52478
62415, 52512
62415, 52546
62415, 52580
62415, 52613
62415, 52646
62415, 52680
62415, 52714
62415, 52747
62415, 52781
62415, 52814
62415, 52848
62415, 52882
62415, 52915
62415, 52948
62415, 52982
62415, 53016
62415, 53049
62415, 53083
62415, 53116
62415, 53150
62415, 53184
62415, 53217
62415, 53251
62415, 53284
62415, 53318
62415, 53351
62415, 53385
62415, 53419
62415, 53452
62415, 53486
62415, 53519
62415, 53553
62415, 53586
62415, 53620
62415, 53653
62415, 53687
62415, 53721
62415, 53754
62415, 53788
62415, 53821
62415, 53855
62415, 53889
62415, 53922
62415, 53955
62415, 53989
62415, 54023
62415, 54056
62415, 54090
62415, 54123
62415, 54157
62415, 54191
62415, 54224
62415, 54257
62415, 54291
62415, 54325
62415, 54359
62415, 54392
62415, 54425
62415, 54459
62415, 54493
62415, 54526
62415, 54559
62415, 54593
62415, 54627
62415, 54661
62415, 54694
62415, 54727
62415, 54761
62415, 54795
62415, 54829
62415, 54861
62415, 54895
62415, 54929
62415, 54963
62415, 54996
62415, 55029
62415, 55063
62415, 55097
62415, 55131
62415, 55164
62415, 55197
62415, 55231
62415, 55265
62415, 55299
62415, 55331
62415, 55365
62415, 55399
62415, 55433
62415, 55467
62415, 55499
62415, 55533
62415, 55567
62415, 55601
62415, 55633
62415, 55667
62415, 55701
62415, 55735
62415, 55769
62415, 55801
62415, 55835
62415, 55869
62415, 55903
62415, 55936
62415, 55969
62415, 56003
62415, 56037
62415, 56071
62415, 56103
62415, 56137
62415, 56171
62415, 56205
62415, 56238
62415, 56271
62415, 56305
62415, 56339
62415, 56373
62415, 56406
62415, 56439
62415, 56473
62415, 56507
62415, 56540
62415, 56573
62415, 56607
62415, 56641
62415, 56675
62415, 56708
62415, 56741
62415, 56775
62415, 56809
62415, 56842
62415, 56876
62415, 56909
62415, 56943
62415, 56977
62415, 57010
62415, 57043
62415, 57077
62415, 57111
62415, 57144
62415, 57178
62415, 57211
62415, 57245
62415, 57279
62415, 57312
62415, 57346
62415, 57379
624