15535, 1087
15519, 2087
15551, 3088
15551, 4088
15511, 5089
15519, 6089
15551, 7090
15567, 8090
15615, 9091
15515, 10091
15439, 11092
15567, 12093
15567, 13093
15631, 14094
15439, 15094
15567, 16095
15511, 17095
15487, 18096
15551, 19096
15519, 20098
15599, 21098
15567, 22098
15511, 23099
15519, 24099
15567, 25100
15567, 26100
15535, 27101
15439, 28101
15519, 29103
15511, 30103
15423, 31104
15519, 32104
15439, 33104
15511, 34105
15567, 35105
15515, 36106
15511, 37107
15567, 38108
15551, 39108
15503, 40109
15487, 41109
15551, 42109
15551, 43110
15519, 44110
15431, 45111
15567, 46112
15519, 47113
15375, 48113
15567, 49114
15535, 50114
15519, 51115
15567, 52115
15487, 53115
15535, 54116
15567, 55117
15423, 56118
15431, 57118
15515, 58119
15407, 59119
15439, 60120
15439, 61120
15499, 62120
15551, 63122
15439, 64122
15519, 65123
15431, 66123
15567, 67124
15431, 68124
15431, 69125
15535, 70125
15487, 71126
15519, 72127
15407, 73127
15439, 74128
15551, 75128
15375, 76129
15439, 77129
15511, 78130
15487, 79130
15567, 80131
15535, 81132
15503, 82132
15407, 83133
15499, 84133
15439, 85134
15407, 86134
15431, 87135
15519, 88135
15515, 89136
15547, 90137
15439, 91138
15567, 92138
15439, 93138
15487, 94139
15439, 95139
15551, 96140
15567, 97140
15511, 98142
15551, 99142
15375, 100143
15511, 101143
15439, 102144
15487, 103144
15511, 104144
15427, 105146
15375, 106146
15511, 107147
15439, 108147
15407, 109148
15511, 110148
15431, 111150
15427, 112150
15439, 113150
15439, 114151
15439, 115151
15375, 116152
15503, 117153
15503, 118154
15439, 119154
15487, 120155
15439, 121155
15439, 122156
15487, 123157
15375, 124157
15487, 125158
15519, 126158
15519, 127159
15423, 128159
15439, 129161
15439, 130161
15519, 131162
15511, 132162
15511, 133163
15439, 134163
15431, 135164
15423, 136165
15439, 137165
15515, 138166
15375, 139166
15511, 140167
15503, 141168
15423, 142169
15375, 143169
15375, 144169
15439, 145170
15439, 146170
15439, 147172
15487, 148172
15375, 149173
15499, 150173
15375, 151174
15519, 152174
15439, 153176
15431, 154176
15519, 155176
15427, 156177
15431, 157177
15375, 158178
15439, 159179
15407, 160180
15423, 161180
15427, 162181
15427, 163181
15407, 164182
15427, 165183
15423, 166183
15375, 167184
15407, 168184
15407, 169185
15427, 170185
15427, 171186
15431, 172187
15375, 173188
15567, 174188
15375, 175188
15431, 176189
15375, 177189
15439, 178191
15375, 179191
15375, 180192
15519, 181192
15407, 182193
15311, 183193
15439, 184195
15423, 185195
15423, 186195
15311, 187196
15439, 188196
15375, 189197
15439, 190198
15407, 191199
15407, 192199
15375, 193200
15423, 194200
15407, 195201
15439, 196202
15423, 197202
15375, 198203
15427, 199203
15375, 200204
15375, 201204
15439, 202206
15503, 203206
15375, 204207
15431, 205207
15427, 206208
15311, 207208
15407, 208209
15407, 209210
15311, 210210
15375, 211211
15375, 212211
15375, 213212
15439, 214213
15375, 215214
15359, 216214
15423, 217214
15375, 218215
15311, 219215
15311, 220217
15439, 221217
15311, 222218
15311, 223218
15375, 224219
15279, 225219
15375, 226221
15423, 227221
15407, 228221
15499, 229222
15439, 230222
15375, 231223
15375, 232224
15375, 233225
15375, 234225
15407, 235226
15375, 236226
15375, 237227
15375, 238228
15375, 239228
15375, 240229
15439, 241229
15375, 242230
15375, 243230
15295, 244232
15375, 245232
15375, 246233
15427, 247233
15427, 248233
15375, 249234
15431, 250235
15423, 251236
15375, 252236
15311, 253237
15311, 254237
15407, 255238
15311, 256239
15423, 257240
15423, 258240
15407, 259240
15439, 260241
15311, 261241
15439, 262243
15375, 263243
15375, 264244
15407, 265244
15439, 266245
15431, 267245
15311, 268247
15375, 269247
15311, 270247
15423, 271248
15311, 272248
15375, 273249
15375, 274250
15375, 275251
15375, 276251
15295, 277252
15375, 278252
15311, 279252
15375, 280254
15295, 281254
15375, 282255
15311, 283255
15303, 284256
15375, 285256
15311, 286258
15303, 287258
15295, 288259
15295, 289259
15311, 290259
15375, 291260
15375, 292261
15295, 293262
15295, 294262
15375, 295263
15311, 296263
15311, 297264
15311, 298265
15311, 299266
15375, 300266
15311, 301266
15407, 302267
15311, 303267
15311, 304269
15295, 305269
15375, 306270
15303, 307270
15311, 308271
15375, 309271
15375, 310273
15279, 311273
15375, 312273
15375, 313274
15375, 314274
15311, 315275
15311, 316276
15311, 317277
15359, 318277
15423, 319278
15311, 320278
15311, 321278
15311, 322280
15375, 323280
15407, 324281
15375, 325281
15427, 326282
15311, 327282
15423, 328284
15311, 329284
15375, 330285
15295, 331285
15375, 332285
15375, 333286
15375, 334287
15375, 335288
15295, 336288
15311, 337289
15311, 338289
15311, 339290
15311, 340291
15279, 341292
15311, 342292
15295, 343292
15295, 344293
15279, 345293
15311, 346295
15375, 347295
15231, 348296
15427, 349296
15295, 350297
15311, 351297
15375, 352299
15263, 353299
15375, 354299
15311, 355300
15311, 356300
15311, 357301
15311, 358302
15295, 359303
15295, 360303
15263, 361304
15311, 362304
15295, 363304
15295, 364306
15375, 365306
15375, 366307
15303, 367307
15231, 368308
15263, 369308
15303, 370310
15303, 371310
15311, 372311
15311, 373311
15311, 374311
15311, 375312
15295, 376313
15279, 377314
15279, 378314
15311, 379315
15279, 380315
15263, 381316
15279, 382317
15295, 383318
15311, 384318
15311, 385318
15279, 386319
15311, 387319
15311, 388321
15311, 389321
15295, 390322
15279, 391322
15311, 392323
15279, 393323
15311, 394324
15295, 395325
15263, 396325
15263, 397326
15279, 398326
15279, 399328
15279, 400328
15183, 401329
15183, 402329
15231, 403330
15311, 404330
15279, 405331
15311, 406332
15231, 407332
15263, 408333
15311, 409333
15295, 410334
15295, 411335
15279, 412336
15263, 413336
15295, 414337
15295, 415337
15215, 416337
15311, 417339
15279, 418339
15247, 419340
15255, 420340
15311, 421341
15295, 422341
15311, 423343
15311, 424343
15183, 425344
15263, 426344
15439, 427344
15255, 428345
15295, 429346
15279, 430347
15279, 431347
15263, 432348
15311, 433348
15263, 434349
15279, 435350
15279, 436350
15311, 437351
15279, 438351
15311, 439352
15375, 440352
15167, 441354
15311, 442354
15295, 443355
15311, 444355
15279, 445356
15231, 446356
15311, 447357
15311, 448358
15311, 449358
15263, 450359
15295, 451359
15231, 452360
15183, 453361
15231, 454362
15183, 455362
15263, 456363
15263, 457363
15183, 458363
15295, 459365
15303, 460365
15311, 461366
15183, 462366
15311, 463367
15295, 464367
15231, 465369
15263, 466369
15183, 467369
15295, 468370
15183, 469370
15311, 470371
15279, 471372
15279, 472373
15263, 473373
15279, 474374
15275, 475374
15231, 476375
15247, 477376
15295, 478376
15231, 479377
15231, 480377
15231, 481378
15311, 482378
15183, 483380
15279, 484380
15311, 485381
15167, 486381
15255, 487382
15231, 488382
15311, 489383
15311, 490384
15311, 491384
15295, 492385
15183, 493385
15295, 494386
15279, 495387
15231, 496388
15263, 497388
15311, 498388
15311, 499389
15231, 500389
15167, 501391
15231, 502391
15183, 503392
15279, 504392
15231, 505393
15263, 506393
15231, 507395
15279, 508395
15263, 509395
15183, 510396
15279, 511396
15231, 512397
15263, 513398
15231, 514399
15231, 515399
15279, 516400
15279, 517400
15311, 518401
15375, 519402
15279, 520402
15231, 521403
15279, 522403
15183, 523404
15231, 524404
15215, 525406
15279, 526406
15263, 527407
15247, 528407
15263, 529408
15119, 530408
15279, 531409
15263, 532410
15183, 533410
15167, 534411
15231, 535411
15183, 536412
15183, 537413
15231, 538414
15231, 539414
15231, 540414
15167, 541415
15167, 542415
15263, 543417
15263, 544417
15295, 545418
15263, 546418
15231, 547419
15167, 548419
15231, 549421
15231, 550421
15183, 551421
15263, 552422
15167, 553422
15231, 554423
15183, 555424
15119, 556425
15183, 557425
15279, 558426
15231, 559426
15183, 560427
15231, 561428
15263, 562428
15231, 563429
15263, 564429
15183, 565430
15311, 566430
15183, 567432
15263, 568432
15159, 569433
15215, 570433
15183, 571433
15279, 572434
15167, 573435
15263, 574436
15311, 575436
15231, 576437
15231, 577437
15183, 578438
15231, 579439
15255, 580440
15231, 581440
15183, 582440
15183, 583441
15119, 584441
15183, 585443
15231, 586443
15183, 587444
15167, 588444
15279, 589445
15167, 590445
15183, 591447
15279, 592447
15183, 593447
15167, 594448
15279, 595448
15183, 596449
15183, 597450
23, 613459
15231, 614460
15151, 615461
15183, 616462
15183, 617462
15183, 618463
15183, 619463
15167, 620464
15263, 1087
15119, 2087
15223, 3088
15255, 4088
15231, 5089
15231, 6089
15183, 7090
15183, 8090
15183, 9091
15183, 10091
15183, 11092
15183, 12093
15183, 13093
15183, 14094
15183, 15094
15263, 16095
15183, 17095
15159, 18096
15119, 19096
15167, 20098
15263, 21098
15167, 22098
15279, 23099
15183, 24099
15263, 25100
15183, 26100
15183, 27101
15183, 28101
15183, 29103
15183, 30103
15183, 31104
15295, 32104
15151, 33104
15183, 34105
15231, 35105
15167, 36106
15183, 37107
15263, 38108
15119, 39108
15103, 40109
15119, 41109
15135, 42109
15231, 43110
15183, 44110
15183, 45111
15183, 46112
15135, 47113
15231, 48113
15183, 49114
15119, 50114
15183, 51115
15231, 52115
15167, 53115
15183, 54116
15055, 55117
15183, 56118
15135, 57118
15263, 58119
15215, 59119
15183, 60120
15183, 61120
15183, 62120
15183, 63122
15159, 64122
15135, 65123
15231, 66123
15183, 67124
15167, 68124
15159, 69125
15263, 70125
15095, 71126
15231, 72127
15119, 73127
15167, 74128
15167, 75128
15103, 76129
15159, 77129
15103, 78130
15183, 79130
15103, 80131
15183, 81132
15167, 82132
15167, 83133
15231, 84133
15103, 85134
15167, 86134
15135, 87135
15183, 88135
15119, 89136
15103, 90137
15231, 91138
15103, 92138
15119, 93138
15135, 94139
15135, 95139
15119, 96140
15151, 97140
15151, 98142
15167, 99142
15103, 100143
15159, 101143
15119, 102144
15103, 103144
15055, 104144
15119, 105146
15167, 106146
15103, 107147
15167, 108147
15183, 109148
15183, 110148
15103, 111150
15183, 112150
15263, 113150
15159, 114151
15159, 115151
15135, 116152
15103, 117153
15231, 118154
15103, 119154
15231, 120155
15119, 121155
15231, 122156
15183, 123157
15183, 124157
15103, 125158
15159, 126158
15119, 127159
15119, 128159
15183, 129161
15167, 130161
15119, 131162
15119, 132162
15055, 133163
15119, 134163
15039, 135164
15039, 136165
15039, 137165
15167, 138166
15055, 139166
15159, 140167
15183, 141168
15099, 142169
15055, 143169
15103, 144169
15119, 145170
15007, 146170
14999, 147172
15119, 148172
15135, 149173
15119, 150173
15055, 151174
15255, 152174
15167, 153176
15055, 154176
15231, 155176
15119, 156177
15055, 157177
15055, 158178
15311, 159179
15119, 160180
15183, 161180
15119, 162181
15055, 163181
15039, 164182
15151, 165183
15119, 166183
15183, 167184
15119, 168184
15183, 169185
15055, 170185
15095, 171187
15119, 172187
15103, 173188
15055, 174188
15115, 175188
15039, 176189
15103, 177190
15031, 178191
15055, 179191
15119, 180192
15167, 181192
15119, 182193
15055, 183194
15119, 184195
15119, 185195
15055, 186195
15103, 187196
15103, 188196
15119, 189198
15103, 190198
15103, 191199
15111, 192199
15103, 193200
15119, 194200
15087, 195202
15055, 196202
15151, 197202
15119, 198203
15135, 199203
15119, 200204
15119, 201205
15119, 202206
15103, 203206
15119, 204207
15119, 205207
15055, 206208
15103, 207209
15119, 208209
15119, 209210
15103, 210210
15119, 211211
15055, 212211
15151, 213213
15151, 214213
15055, 215214
15183, 216214
15111, 217214
15055, 218215
15119, 219216
15103, 220217
15167, 221217
15167, 222218
15039, 223218
15119, 224219
15119, 225220
15103, 226221
15103, 227221
15103, 228221
15103, 229222
15119, 230222
15039, 231224
15119, 232224
15039, 233225
15119, 234225
15119, 235226
15055, 236226
15119, 237228
15055, 238228
15103, 239228
15119, 240229
15103, 241229
15039, 242230
15039, 243231
15119, 244232
15119, 245232
15055, 246233
15055, 247233
15055, 248233
15103, 249235
15055, 250235
15039, 251236
15151, 252236
15039, 253237
15055, 254237
15031, 255239
15055, 256239
15055, 257240
15055, 258240
15119, 259240
15103, 260241
15055, 261242
15039, 262243
15103, 263243
15039, 264244
15095, 265244
15023, 266245
15119, 267246
15103, 268247
15007, 269247
15167, 270247
15119, 271248
15119, 272248
15055, 273250
15055, 274250
15039, 275251
15055, 276251
15119, 277252
15095, 278252
15103, 279254
15007, 280254
15039, 281254
15039, 282255
15039, 283255
15055, 284256
15039, 285257
15039, 286258
15103, 287258
15055, 288259
15039, 289259
15023, 290259
15119, 291261
15095, 292261
15055, 293262
15055, 294262
15023, 295263
15055, 296263
15039, 297265
15103, 298265
15007, 299266
15007, 300266
15039, 301266
15055, 302267
15027, 303268
15095, 304269
15027, 305269
15039, 306270
15055, 307270
15055, 308271
14927, 309272
14995, 310273
15055, 311273
15039, 312273
15039, 313274
15039, 314274
15103, 315276
15055, 316276
15095, 317277
14999, 318277
15055, 319278
15039, 320278
15031, 321280
15031, 322280
15055, 323280
15039, 324281
15027, 325281
15119, 326282
15039, 327283
15027, 328284
15031, 329284
15055, 330285
14995, 331285
15103, 332285
15055, 333287
15055, 334287
14859, 335288
15007, 336288
15027, 337289
15039, 338289
15103, 339291
15055, 340291
15039, 341292
15055, 342292
14999, 343292
14943, 344293
15087, 345294
15039, 346295
15007, 347295
15103, 348296
15055, 349296
15023, 350297
15007, 351298
15039, 352299
15031, 353299
15055, 354299
15039, 355300
15055, 356300
15055, 357302
15095, 358302
14943, 359303
15055, 360303
15031, 361304
15055, 362304
15027, 363305
15039, 364306
15007, 365306
15039, 366307
14927, 367307
15031, 368308
15039, 369309
14994, 370310
14999, 371310
15039, 372311
14999, 373311
15007, 374311
15039, 375313
15007, 376313
14999, 377314
15055, 378314
15007, 379315
15031, 380315
14999, 381317
15119, 382317
15055, 383318
15095, 384318
15071, 385318
15055, 386319
15103, 387320
15039, 388321
14995, 389321
15007, 390322
15039, 391322
14993, 392323
15039, 393324
15027, 394324
14999, 395325
14923, 396325
15027, 397326
14927, 398326
15007, 399328
15023, 400328
15007, 401329
15039, 402329
15007, 403330
14927, 404330
14927, 405331
15007, 406332
14999, 407332
15007, 408333
15039, 409333
15007, 410334
15039, 411335
15039, 412336
14927, 413336
15007, 414337
14994, 415337
15023, 416337
15007, 417339
14995, 418339
14995, 419340
14999, 420340
14943, 421341
14927, 422341
15039, 423343
15031, 424343
15007, 425344
14927, 426344
14999, 427344
14995, 428345
14927, 429346
14927, 430347
14927, 431347
15007, 432348
14923, 433348
14927, 434349
14927, 435350
14927, 436350
14999, 437351
14927, 438351
14999, 439352
14923, 440352
14927, 441354
15007, 442354
14927, 443355
14927, 444355
15023, 445356
15039, 446356
14927, 447357
15055, 448358
14899, 449358
15007, 450359
14995, 451359
14927, 452360
14927, 453361
14995, 454362
14927, 455362
15039, 456363
14927, 457363
14927, 458363
15023, 459365
15007, 460365
14927, 461366
15007, 462366
15039, 463367
14995, 464367
14927, 465369
15035, 466369
14993, 467369
15007, 468370
14927, 469370
14927, 470371
15029, 471372
15007, 472373
15007, 473373
15023, 474374
15007, 475374
14999, 476375
14927, 477376
15031, 478376
14995, 479377
14927, 480377
14927, 481378
15007, 482378
15007, 483380
14992, 484380
14927, 485381
14927, 486381
15039, 487382
15039, 488382
14995, 489383
15007, 490384
14927, 491384
14927, 492385
14995, 493385
14927, 494386
14911, 495387
14927, 496388
14995, 497388
14927, 498388
14959, 499389
14927, 500389
14999, 501391
14999, 502391
14911, 503392
14927, 504392
14863, 505393
15023, 506393
14927, 507395
15007, 508395
14992, 509395
14927, 510396
15007, 511396
15023, 512397
14927, 513398
14923, 514399
14927, 515399
14927, 516400
14903, 517400
14903, 518401
14911, 519402
15027, 520402
14927, 521403
14927, 522403
14927, 523404
14927, 524404
14899, 525406
14927, 526406
15039, 527407
14831, 528407
14927, 529408
14927, 530408
14927, 531409
14927, 532410
14903, 533410
14927, 534411
14927, 535411
14927, 536412
14927, 537413
14927, 538414
14911, 539414
14903, 540414
14927, 541415
14927, 542415
14927, 543417
14927, 544417
14927, 545418
14927, 546418
14927, 547419
14895, 548419
14999, 549421
14911, 550421
14927, 551421
14927, 552422
14899, 553422
14911, 554423
14927, 555424
14863, 556425
14911, 557425
14863, 558426
14992, 559426
14799, 560427
14907, 561428
14927, 562428
14927, 563429
14923, 564429
14911, 565430
14995, 566430
14927, 567432
15007, 568432
14999, 569433
15007, 570433
14995, 571433
14927, 572434
14863, 573435
14923, 574436
14927, 575436
14927, 576437
14927, 577437
14927, 578438
14903, 579439
14999, 580440
14927, 581440
14927, 582440
14903, 583441
14923, 584441
14927, 585443
14995, 586443
14927, 587444
14927, 588444
14927, 589445
14927, 590445
14927, 591447
14899, 592447
14927, 593447
14927, 594448
14927, 595448
14927, 596449
14927, 597450
