455, 1172814
14395, 1173815
14483, 1174816
14351, 1175817
14415, 1176817
14399, 1177818
14450, 1178818
14415, 1087
14487, 2087
14415, 3088
14451, 4088
14483, 5089
14455, 6089
14463, 7090
14515, 8090
14455, 9091
14483, 10091
14455, 11092
14399, 12093
14415, 13093
14451, 14094
14415, 15094
14399, 16095
14415, 17095
14463, 18096
14407, 19096
14399, 20098
14431, 21098
14480, 22098
14519, 23099
14482, 24099
14455, 25100
14451, 26100
14351, 27101
14415, 28101
14415, 29103
14482, 30103
14415, 31104
14399, 32104
14463, 33104
14399, 34105
14463, 35105
14455, 36106
14415, 37106
14481, 38108
14415, 39108
14527, 40109
14495, 41109
14451, 42109
14351, 43110
14415, 44110
14407, 45111
14399, 46111
14483, 47113
14415, 48113
14403, 49114
14415, 50114
14415, 51115
14451, 52115
14415, 53115
14415, 54116
14415, 55117
14415, 56118
14415, 57118
14399, 58119
14391, 59119
14415, 60120
14451, 61120
14455, 62120
14351, 63121
14483, 64122
14481, 65123
14463, 66123
14415, 67124
14415, 68124
14415, 69125
14455, 70125
14483, 71126
14415, 72126
14351, 73127
14399, 74128
14415, 75128
14451, 76129
14451, 77129
14451, 78130
14459, 79130
14451, 80131
14450, 81131
14351, 82132
14463, 83133
14415, 84133
14399, 85134
14451, 86134
14519, 87135
14455, 88135
14463, 89136
14455, 90137
14480, 91138
14495, 92138
14451, 93138
14483, 94139
14415, 95139
14480, 96140
14415, 97140
14415, 98141
14487, 99142
14415, 100143
14407, 101143
14399, 102144
14391, 103144
14415, 104144
14483, 105145
14351, 106146
14351, 107147
14415, 108147
14483, 109148
14407, 110148
14411, 111149
14399, 112150
14351, 113150
14415, 114151
14351, 115151
14415, 116152
14351, 117152
14351, 118154
14415, 119154
14391, 120155
14415, 121155
14415, 122156
14415, 123156
14351, 124157
14351, 125158
14415, 126158
14351, 127159
14455, 128159
14335, 129160
14399, 130161
14395, 131162
14455, 132162
14351, 133163
14415, 134163
14395, 135163
14487, 136165
14335, 137165
14351, 138166
14351, 139166
14335, 140167
14399, 141167
14351, 142169
14351, 143169
14399, 144169
14415, 145170
14415, 146170
14399, 147171
14415, 148172
14495, 149173
14450, 150173
14415, 151174
14351, 152174
14319, 153175
14415, 154176
14351, 155176
14451, 156177
14399, 157177
14351, 158178
14415, 159178
14351, 160180
14395, 161180
14399, 162181
14351, 163181
14351, 164182
14451, 165182
14411, 166183
14351, 167184
14351, 168184
14351, 169185
14415, 170185
14415, 171186
14351, 172187
14399, 173188
14407, 174188
14415, 175188
14351, 176189
14399, 177189
14399, 178191
14351, 179191
14351, 180192
14399, 181192
14391, 182193
14399, 183193
14415, 184195
14351, 185195
14335, 186195
14391, 187196
14399, 188196
14287, 189197
14463, 190198
14483, 191199
14335, 192199
14459, 193200
14455, 194200
14351, 195201
14335, 196202
14335, 197202
14399, 198203
14399, 199203
14351, 200204
14335, 201204
14415, 202206
14415, 203206
14351, 204207
14351, 205207
14399, 206208
14335, 207208
14351, 208209
14335, 209210
14287, 210210
14351, 211211
14399, 212211
14319, 213212
14415, 214213
14335, 215214
14351, 216214
14335, 217214
14335, 218215
14351, 219215
14455, 220217
14335, 221217
14351, 222218
14351, 223218
14351, 224219
14399, 225219
14351, 226221
14351, 227221
14415, 228221
14287, 229222
14351, 230222
14351, 231223
14351, 232224
14351, 233225
14351, 234225
14351, 235226
14335, 236226
14287, 237227
14351, 238228
14287, 239228
14399, 240229
14351, 241229
14351, 242230
14335, 243230
14287, 244232
14415, 245232
14335, 246233
14335, 247233
14391, 248233
14335, 249234
14351, 250235
14351, 251236
14335, 252236
14351, 253237
14351, 254237
14351, 255238
14399, 256239
14351, 257240
14395, 258240
14335, 259240
14391, 260241
14415, 261241
14351, 262243
14351, 263243
14335, 264244
14399, 265244
14415, 266245
14351, 267245
14395, 268247
14335, 269247
14287, 270247
14335, 271248
14399, 272248
14351, 273249
14335, 274250
14351, 275251
14351, 276251
14399, 277252
14351, 278252
14391, 279252
14480, 280254
14351, 281254
14351, 282255
14351, 283255
14351, 284256
14335, 285256
14335, 286258
14335, 287258
14351, 288259
14351, 289259
14335, 290259
14351, 291260
14287, 292261
14415, 293262
14287, 294262
14399, 295263
14399, 296263
14395, 297264
14335, 298265
14351, 299266
14399, 300266
14335, 301266
14391, 302267
14351, 303267
14351, 304269
14287, 305269
14287, 306270
14351, 307270
14351, 308271
14335, 309271
14335, 310273
14287, 311273
14351, 312273
14271, 313274
14351, 314274
14351, 315275
14351, 316276
14351, 317277
14287, 318277
14395, 319278
14399, 320278
14287, 321278
14351, 322280
14287, 323280
14287, 324281
14351, 325281
14351, 326282
14351, 327282
14319, 328284
14287, 329284
14391, 330285
14351, 331285
14287, 332285
14351, 333286
14335, 334287
14335, 335288
14399, 336288
14287, 337289
14351, 338289
14399, 339290
14351, 340291
14335, 341292
14415, 342292
14335, 343292
14319, 344293
14335, 345293
14287, 346295
14351, 347295
14287, 348296
14351, 349296
14335, 350297
14351, 351297
14319, 352299
14319, 353299
14351, 354299
14415, 355300
14335, 356300
14335, 357301
14351, 358302
14287, 359303
14351, 360303
14335, 361304
14399, 362304
14263, 363304
14335, 364306
14335, 365306
14351, 366307
14335, 367307
14287, 368308
14351, 369308
14335, 370310
14335, 371310
14399, 372311
14319, 373311
14415, 374311
14399, 375312
14287, 376313
14351, 377314
14335, 378314
14287, 379315
14287, 380315
14335, 381316
14335, 382317
14287, 383318
14319, 384318
14351, 385318
14335, 386319
14351, 387319
14351, 388321
14351, 389321
14335, 390322
14395, 391322
14351, 392323
14271, 393323
14287, 394324
14395, 395325
14335, 396325
14351, 397326
14335, 398326
14287, 399327
14335, 400328
14351, 401329
14287, 402329
14335, 403330
14335, 404330
14351, 405330
14351, 406332
14335, 407332
14335, 408333
14351, 409333
14263, 410334
14351, 411334
14351, 412336
14319, 413336
14351, 414337
14415, 415337
14335, 416337
14351, 417338
14351, 418339
14287, 419340
14399, 420340
14351, 421341
14335, 422341
14287, 423342
14351, 424343
14319, 425344
14335, 426344
14335, 427344
14351, 428345
14287, 429345
14287, 430347
14335, 431347
14351, 432348
14287, 433348
14351, 434349
14351, 435349
14271, 436350
14335, 437351
14287, 438351
14351, 439352
14335, 440352
14335, 441353
14287, 442354
14287, 443355
14287, 444355
14391, 445356
14351, 446356
14287, 447356
14351, 448358
14287, 449358
14351, 450359
14351, 451359
14287, 452360
14351, 453360
14351, 454362
14271, 455362
14287, 456363
14287, 457363
14319, 458363
14351, 459364
14263, 460365
14287, 461366
14351, 462366
14391, 463367
14287, 464367
14287, 465368
14335, 466369
14335, 467369
14351, 468370
14271, 469370
14287, 470371
14395, 471371
14271, 472373
14287, 473373
14351, 474374
14287, 475374
14351, 476375
14335, 477375
14319, 478376
14287, 479377
14287, 480377
14351, 481378
14391, 482378
14287, 483379
14271, 484380
14287, 485381
14351, 486381
14335, 487382
14335, 488382
14287, 489382
14319, 490384
14351, 491384
14335, 492385
14207, 493385
14207, 494386
14287, 495386
14287, 496388
14351, 497388
14287, 498388
14351, 499389
14335, 500389
14335, 501390
14287, 502391
14287, 503392
14319, 504392
14335, 505393
14351, 506393
14287, 507394
14287, 508395
14287, 509395
14351, 510396
14287, 511396
14399, 512397
14319, 513397
14271, 514399
14335, 515399
14287, 516400
14271, 517400
14287, 518401
14271, 519401
14335, 520402
14287, 521403
14263, 522403
14351, 523404
14287, 524404
14287, 525405
14287, 526406
14335, 527407
14287, 528407
14287, 529408
14351, 530408
14335, 531408
14287, 532410
14351, 533410
14239, 534411
14335, 535411
14263, 536412
14231, 537412
14351, 538414
14287, 539414
14287, 540414
14271, 541415
14287, 542415
14263, 543416
14287, 544417
14239, 545418
14287, 546418
14231, 547419
14287, 548419
14271, 549420
14255, 550421
14263, 551421
14287, 552422
14271, 553422
14239, 554423
14287, 555423
14271, 556425
14287, 557425
14287, 558426
14351, 559426
14287, 560427
14335, 561427
14271, 562428
14351, 563429
14287, 564429
14335, 565430
14271, 566430
14287, 567431
14351, 568432
14287, 569433
14255, 570433
14287, 571433
14287, 572434
14335, 573434
14271, 574436
14335, 575436
14351, 576437
14351, 577437
14271, 578438
14207, 579438
14287, 580440
14319, 581440
14287, 582440
14263, 583441
14287, 584441
14287, 585442
14255, 586443
14231, 587444
14263, 588444
14351, 589445
14287, 590445
14231, 591446
14271, 592447
14351, 593447
14271, 594448
14287, 595448
14271, 596449
14271, 597449
