19679
961675
13647, 962675
13583, 963676
13519, 964677
13631, 965678
13583, 966678
13631, 967678
13647, 968679
13551, 969679
13647, 1087
13647, 2087
13647, 3088
13583, 4088
13647, 5089
13647, 6089
13583, 7090
13583, 8090
13647, 9091
13647, 10091
13647, 11092
13647, 12093
13631, 13093
13647, 14094
13631, 15094
13647, 16095
13583, 17095
13647, 18096
13647, 19096
13631, 20098
13647, 21098
13631, 22098
13647, 23099
13647, 24099
13631, 25100
13583, 26100
13583, 27101
13647, 28101
13647, 29103
13631, 30103
13647, 31104
13679, 32104
13583, 33104
13583, 34105
13583, 35105
13695, 36106
13583, 37106
13679, 38108
13583, 39108
13647, 40109
13583, 41109
13647, 42109
13647, 43110
13631, 44110
13647, 45111
13647, 46112
13631, 47113
13679, 48113
13647, 49114
13631, 50114
13647, 51115
13647, 52115
13631, 53115
13627, 54116
13583, 55117
13647, 56118
13647, 57118
13647, 58119
13647, 59119
13583, 60120
13583, 61120
13631, 62120
13631, 63121
13647, 64122
13647, 65123
13583, 66123
13647, 67124
13623, 68124
13631, 69125
13583, 70125
13583, 71126
13583, 72126
13631, 73127
13631, 74128
13647, 75128
13695, 76129
13631, 77129
13647, 78130
13631, 79130
13647, 80131
13567, 81132
13647, 82132
13647, 83133
13647, 84133
13647, 85134
13647, 86134
13679, 87135
13647, 88135
13583, 89136
13647, 90137
13679, 91138
13647, 92138
13631, 93138
13647, 94139
13647, 95139
13647, 96140
13631, 97140
13583, 98141
13647, 99142
13631, 100143
13647, 101143
13647, 102144
13647, 103144
13631, 104144
13631, 105145
13647, 106146
13679, 107147
13647, 108147
13583, 109148
13583, 110148
13679, 111149
13647, 112150
13583, 113150
13631, 114151
13647, 115151
13583, 116152
13679, 117152
13583, 118154
13647, 119154
13647, 120155
13647, 121155
13631, 122156
13631, 123156
13567, 124157
13647, 125158
13583, 126158
13623, 127159
13647, 128159
13647, 129160
13631, 130161
13567, 131162
13647, 132162
13631, 133163
13631, 134163
13647, 135163
13647, 136165
13647, 137165
13647, 138166
13647, 139166
13647, 140167
13647, 141167
13647, 142169
13647, 143169
13583, 144169
13631, 145170
13647, 146170
13759, 147171
13631, 148172
13647, 149173
13631, 150173
13631, 151174
13631, 152174
13647, 153175
13647, 154176
13647, 155176
13647, 156177
13679, 157177
13647, 158178
13647, 159178
13647, 160180
13647, 161180
13679, 162181
13647, 163181
13647, 164182
13679, 165182
13647, 166183
13647, 167184
13679, 168184
13695, 169185
13631, 170185
13647, 171186
13631, 172187
13647, 173188
13647, 174188
13647, 175188
13631, 176189
13647, 177189
13695, 178191
13647, 179191
13631, 180192
13679, 181192
13647, 182193
13647, 183193
13679, 184195
13583, 185195
13631, 186195
13647, 187196
13631, 188196
13631, 189197
13647, 190198
13647, 191199
13647, 192199
13631, 193200
13647, 194200
13679, 195201
13647, 196202
13647, 197202
13647, 198203
13631, 199203
13679, 200204
13583, 201204
13711, 202206
13583, 203206
13631, 204207
13695, 205207
13631, 206208
13631, 207208
13647, 208209
13647, 209210
13631, 210210
13631, 211211
13647, 212211
13647, 213212
13647, 214213
13631, 215214
13647, 216214
13679, 217214
13647, 218215
13719, 219215
13647, 220217
13583, 221217
13647, 222218
13647, 223218
13647, 224219
13631, 225219
13583, 226220
13647, 227221
13647, 228221
13647, 229222
13647, 230222
13631, 231223
13583, 232223
13647, 233225
13647, 234225
13583, 235226
13647, 236226
13695, 237227
13647, 238227
13631, 239228
13583, 240229
13631, 241229
13647, 242230
13647, 243230
13647, 244231
13567, 245232
13583, 246233
13583, 247233
13583, 248233
13647, 249234
13583, 250234
13583, 251236
13623, 252236
13627, 253237
13647, 254237
13623, 255238
13583, 256238
13583, 257240
13647, 258240
13583, 259240
13647, 260241
13583, 261241
13583, 262242
13647, 263243
13647, 264244
13631, 265244
13647, 266245
13583, 267245
13623, 268246
13567, 269247
13583, 270247
13567, 271248
13647, 272248
13583, 273249
13631, 274249
13631, 275251
13583, 276251
13647, 277252
13647, 278252
13647, 279252
13631, 280253
13583, 281254
13647, 282255
13583, 283255
13583, 284256
13583, 285256
13643, 286257
13631, 287258
13695, 288259
13647, 289259
13583, 290259
13583, 291260
13647, 292260
13583, 293262
13647, 294262
13647, 295263
13583, 296263
13583, 297264
13647, 298264
13631, 299266
13631, 300266
13583, 301266
13583, 302267
13583, 303267
13583, 304268
13631, 305269
13647, 306270
13567, 307270
13583, 308271
13583, 309271
13583, 310272
13631, 311273
13583, 312273
13647, 313274
13583, 314274
13583, 315275
13647, 316275
13583, 317277
13519, 318277
13583, 319278
13647, 320278
13643, 321278
13583, 322279
13583, 323280
13583, 324281
13631, 325281
13647, 326282
13583, 327282
13519, 328283
13623, 329284
13647, 330285
13631, 331285
13583, 332285
13567, 333286
13631, 334286
13583, 335288
13583, 336288
13567, 337289
13583, 338289
13583, 339290
13631, 340290
13631, 341292
13583, 342292
13627, 343292
13647, 344293
13583, 345293
13583, 346294
13647, 347295
13567, 348296
13631, 349296
13583, 350297
13583, 351297
13583, 352297
13583, 353299
13583, 354299
13551, 355300
13583, 356300
13551, 357301
13647, 358301
13583, 359303
13631, 360303
13647, 361304
13631, 362304
13631, 363304
13583, 364305
13567, 365306
13631, 366307
13727, 367307
13583, 368308
13583, 369308
13567, 370309
13583, 371310
13583, 372311
13583, 373311
13583, 374311
13583, 375312
13583, 376312
13583, 377314
13631, 378314
13647, 379315
13567, 380315
13583, 381316
13583, 382316
13583, 383318
13567, 384318
13631, 385318
13583, 386319
13583, 387319
13583, 388320
13583, 389321
13623, 390322
13583, 391322
13647, 392323
13583, 393323
13567, 394323
13519, 395325
13567, 396325
13631, 397326
13583, 398326
13583, 399327
13647, 400327
13583, 401329
13647, 402329
13647, 403330
13567, 404330
13583, 405330
13519, 406331
13583, 407332
13583, 408333
13583, 409333
13647, 410334
13583, 411334
13631, 412335
13583, 413336
13567, 414337
13567, 415337
13551, 416337
13647, 417338
13583, 418338
13631, 419340
13631, 420340
13567, 421341
13647, 422341
13647, 423342
13647, 424342
13567, 425344
13583, 426344
13551, 427344
13647, 428345
13583, 429345
13567, 430346
13631, 431347
13583, 432348
13583, 433348
13583, 434349
13583, 435349
13631, 436349
13583, 437351
13583, 438351
13631, 439352
13551, 440352
13519, 441353
13519, 442353
13551, 443355
13567, 444355
13623, 445356
13583, 446356
13583, 447356
13551, 448357
13631, 449358
13583, 450359
13631, 451359
13631, 452360
13583, 453360
13519, 454361
13567, 455362
13631, 456363
13631, 457363
13583, 458363
13631, 459364
13567, 460364
13583, 461366
13519, 462366
13583, 463367
13583, 464367
13647, 465368
13631, 466368
13631, 467369
13567, 468370
13631, 469370
13631, 470371
13647, 471371
13583, 472372
13631, 473373
13647, 474374
13583, 475374
13583, 476375
13583, 477375
13583, 478375
13643, 479377
13631, 480377
13647, 481378
13631, 482378
13551, 483379
13643, 484379
13583, 485381
13583, 486381
13631, 487382
13567, 488382
13631, 489382
13631, 490383
13583, 491384
13583, 492385
13647, 493385
13567, 494386
13631, 495386
13647, 496387
13631, 497388
13567, 498388
13623, 499389
13567, 500389
13583, 501390
13647, 502390
13583, 503392
13567, 504392
13583, 505393
13567, 506393
13679, 507394
13567, 508394
13583, 509395
13647, 510396
13583, 511396
13631, 512397
13583, 513397
13583, 514398
13583, 515399
13631, 516400
13567, 517400
13567, 518401
13583, 519401
13583, 520401
13583, 521403
13631, 522403
13567, 523404
13679, 524404
13631, 525405
13631, 526405
13647, 527407
13583, 528407
13631, 529408
13583, 530408
13583, 531408
13631, 532409
13583, 533410
13631, 534411
13583, 535411
13647, 536412
13583, 537412
13519, 538413
13583, 539414
13583, 540414
13519, 541415
13647, 542415
13631, 543416
13631, 544416
13567, 545418
13623, 546418
13583, 547419
13583, 548419
13583, 549420
13567, 550420
13631, 551421
13631, 552422
13631, 553422
13583, 554423
13519, 555423
13583, 556424
13583, 557425
13583, 558426
13647, 559426
13647, 560427
13647, 561427
13583, 562427
13583, 563429
13631, 564429
13623, 565430
13567, 566430
13583, 567431
13583, 568431
13583, 569433
13583, 570433
13567, 571433
13583, 572434
13583, 573434
13583, 574435
13551, 575436
13583, 576437
13647, 577437
13583, 578438
13583, 579438
13567, 580439
13583, 581440
13583, 582440
13647, 583441
13567, 584441
13631, 585442
13583, 586442
13583, 587444
13583, 588444
13647, 589445
13631, 590445
13583, 591446
13623, 592446
13583, 593447
13647, 594448
13631, 595448
13631, 596449
13583, 597449
