13887, 1087
13759, 2087
13775, 3088
13775, 4088
13775, 5089
13775, 6089
13835, 7090
13775, 8090
13823, 9091
13775, 10091
13775, 11092
13879, 12093
13839, 13093
13835, 14094
13775, 15094
13875, 16095
13823, 17095
13823, 18096
13839, 19096
13775, 20098
13775, 21098
13823, 22098
13775, 23099
13775, 24099
13823, 25100
13775, 26100
13823, 27101
13839, 28101
13823, 29103
13835, 30103
13823, 31104
13839, 32104
13823, 33104
13775, 34105
13775, 35105
13759, 36106
13775, 37106
13839, 38108
13839, 39108
13775, 40109
13835, 41109
13835, 42109
13835, 43110
13775, 44110
13727, 45111
13823, 46111
13775, 47113
13879, 48113
13775, 49114
13903, 50114
13823, 51115
13823, 52115
13839, 53115
13839, 54116
13839, 55117
13835, 56118
13835, 57118
13873, 58119
13887, 59119
13823, 60120
13759, 61120
13775, 62120
13839, 63121
13775, 64122
13835, 65123
13775, 66123
13887, 67124
13823, 68124
13823, 69125
13775, 70125
13775, 71126
13823, 72126
13775, 73127
13835, 74128
13775, 75128
13775, 76129
13775, 77129
13775, 78130
13775, 79130
13839, 80131
13839, 81131
13775, 82132
13839, 83133
13775, 84133
13775, 85134
13823, 86134
13823, 87135
13839, 88135
13839, 89136
13879, 90137
13835, 91138
13839, 92138
13775, 93138
13839, 94139
13823, 95139
13839, 96140
13887, 97140
13874, 98141
13775, 99142
13839, 100143
13835, 101143
13775, 102144
13839, 103144
13823, 104144
13775, 105145
13775, 106146
13775, 107147
13775, 108147
13775, 109148
13775, 110148
13823, 111149
13835, 112150
13835, 113150
13823, 114151
13823, 115151
13823, 116152
13823, 117152
13887, 118154
13775, 119154
13835, 120155
13835, 121155
13823, 122156
13775, 123156
13775, 124157
13839, 125158
13823, 126158
13823, 127159
13879, 128159
13839, 129160
13839, 130161
13839, 131162
13883, 132162
13775, 133163
13872, 134163
13775, 135163
13775, 136165
13775, 137165
13839, 138166
13775, 139166
13775, 140167
13875, 141167
13775, 142169
13875, 143169
13839, 144169
13775, 145170
13839, 146170
13835, 147171
13775, 148172
13839, 149173
13775, 150173
13823, 151174
13839, 152174
13775, 153175
13887, 154176
13835, 155176
13775, 156177
13775, 157177
13823, 158178
13823, 159178
13823, 160180
13823, 161180
13775, 162181
13823, 163181
13823, 164182
13839, 165182
13903, 166183
13823, 167184
13775, 168184
13835, 169185
13759, 170185
13775, 171186
13775, 172187
13775, 173188
13775, 174188
13775, 175188
13775, 176189
13775, 177189
13839, 178191
13775, 179191
13775, 180192
13872, 181192
13775, 182193
13887, 183193
13879, 184195
13775, 185195
13775, 186195
13823, 187196
13743, 188196
13759, 189197
13823, 190198
13823, 191199
13823, 192199
13823, 193200
13823, 194200
13823, 195201
13835, 196202
13775, 197202
13835, 198203
13823, 199203
13775, 200204
13775, 201204
13775, 202206
13775, 203206
13839, 204207
13775, 205207
13775, 206208
13775, 207208
13759, 208209
13839, 209210
13839, 210210
13835, 211211
13775, 212211
13872, 213212
13775, 214213
13839, 215214
13775, 216214
13775, 217214
13759, 218215
13903, 219215
13839, 220217
13775, 221217
13775, 222218
13759, 223218
13823, 224219
13775, 225219
13775, 226221
13775, 227221
13775, 228221
13839, 229222
13839, 230222
13775, 231223
13823, 232224
13823, 233225
13775, 234225
13775, 235226
13823, 236226
13775, 237227
13823, 238228
13775, 239228
13775, 240229
13839, 241229
13775, 242230
13835, 243230
13775, 244232
13839, 245232
13823, 246233
13775, 247233
13759, 248233
13839, 249234
13823, 250235
13775, 251236
13775, 252236
13775, 253237
13903, 254237
13839, 255238
13887, 256239
13839, 257240
13743, 258240
13775, 259240
13775, 260241
13775, 261241
13759, 262243
13775, 263243
13823, 264244
13839, 265244
13839, 266245
13751, 267245
13839, 268247
13775, 269247
13727, 270247
13823, 271248
13823, 272248
13775, 273249
13775, 274250
13839, 275251
13775, 276251
13823, 277252
13775, 278252
13775, 279252
13775, 280254
13835, 281254
13775, 282255
13759, 283255
13775, 284256
13775, 285256
13775, 286258
13839, 287258
13775, 288259
13775, 289259
13775, 290259
13775, 291260
13759, 292261
13775, 293262
13823, 294262
13775, 295263
13775, 296263
13775, 297264
13775, 298265
13727, 299266
13775, 300266
13775, 301266
13775, 302267
13775, 303267
13775, 304269
13775, 305269
13775, 306270
13759, 307270
13775, 308271
13875, 309271
13775, 310273
13775, 311273
13775, 312273
13775, 313274
13823, 314274
13775, 315275
13875, 316275
13835, 317277
13775, 318277
13775, 319278
13775, 320278
13775, 321278
13775, 322280
13839, 323280
13775, 324281
13759, 325281
13775, 326282
13775, 327282
13775, 328283
13775, 329284
13775, 330285
13759, 331285
13759, 332285
13759, 333286
13775, 334286
13759, 335288
13775, 336288
13775, 337289
13759, 338289
13759, 339290
13759, 340290
13823, 341292
13775, 342292
13835, 343292
13759, 344293
13775, 345293
13823, 346294
13775, 347295
13775, 348296
13775, 349296
13775, 350297
13759, 351297
13759, 352297
13775, 353299
13775, 354299
13775, 355300
13775, 356300
13743, 357301
13743, 358301
13775, 359303
13775, 360303
13775, 361304
13775, 362304
13775, 363304
13775, 364305
13775, 365306
13743, 366307
13759, 367307
13759, 368308
13759, 369308
13755, 370309
13759, 371310
13759, 372311
13887, 373311
13759, 374311
13743, 375312
13759, 376312
13775, 377314
13727, 378314
13775, 379315
13775, 380315
13775, 381316
13759, 382316
13755, 383318
13759, 384318
13775, 385318
13741, 386319
13775, 387319
13775, 388320
13759, 389321
13775, 390322
13775, 391322
13759, 392323
13775, 393323
13775, 394323
13775, 395325
13775, 396325
13775, 397326
13775, 398326
13755, 399327
13775, 400327
13775, 401329
13775, 402329
13775, 403330
13759, 404330
13727, 405330
13723, 406331
13727, 407332
13775, 408333
13743, 409333
13759, 410334
13775, 411334
13775, 412335
13647, 413336
13759, 414337
13775, 415337
13775, 416337
13775, 417338
13775, 418338
13839, 419340
13759, 420340
13775, 421341
13759, 422341
13759, 423342
13759, 424342
13727, 425344
13759, 426344
13775, 427344
13775, 428345
13775, 429345
13759, 430346
13835, 431347
13723, 432348
13759, 433348
13775, 434349
13727, 435349
13775, 436349
13727, 437351
13775, 438351
13775, 439352
13775, 440352
13759, 441353
13759, 442353
13775, 443355
13775, 444355
13759, 445356
13775, 446356
13775, 447356
13679, 448357
13775, 449358
13759, 450359
13775, 451359
13759, 452360
13775, 453360
13775, 454361
13735, 455362
13839, 456363
13759, 457363
13775, 458363
13775, 459364
13759, 460364
13727, 461366
13775, 462366
13775, 463367
13741, 464367
13759, 465368
13759, 466368
13743, 467369
13775, 468370
13743, 469370
13775, 470371
13759, 471371
13775, 472372
13727, 473373
13759, 474374
13719, 475374
13695, 476375
13775, 477375
13775, 478375
13775, 479377
13743, 480377
13759, 481378
13727, 482378
13775, 483379
13755, 484379
13759, 485381
13719, 486381
13835, 487382
13775, 488382
13775, 489382
13727, 490383
13775, 491384
13759, 492385
13775, 493385
13775, 494386
13839, 495386
13751, 496387
13759, 497388
13743, 498388
13759, 499389
13759, 500389
13719, 501390
13775, 502390
13759, 503392
13775, 504392
13759, 505393
13743, 506393
13741, 507394
13775, 508394
13775, 509395
13775, 510396
13727, 511396
13759, 512397
13759, 513397
13775, 514398
13743, 515399
13743, 516400
13759, 517400
13743, 518401
13835, 519401
13759, 520401
13775, 521403
13759, 522403
13775, 523404
13727, 524404
13759, 525405
13759, 526405
13727, 527407
13775, 528407
13759, 529408
13775, 530408
13775, 531408
13759, 532409
13775, 533410
13695, 534411
13759, 535411
13775, 536412
13775, 537412
13727, 538413
13727, 539414
13751, 540414
13775, 541415
13759, 542415
13759, 543416
13775, 544416
13775, 545418
13743, 546418
13727, 547419
13759, 548419
13759, 549420
13719, 550420
13679, 551421
13775, 552422
13775, 553422
13743, 554423
13823, 555423
13743, 556424
13759, 557425
13759, 558426
13775, 559426
13727, 560427
13759, 561427
13775, 562427
13775, 563429
13743, 564429
13775, 565430
13775, 566430
13727, 567431
13759, 568431
13759, 569433
13719, 570433
13759, 571433
13695, 572434
13759, 573434
13695, 574436
13759, 575436
13679, 576437
13775, 577437
13727, 578438
13735, 579438
13727, 580440
13759, 581440
13743, 582440
13775, 583441
13727, 584441
13743, 585442
13647, 586443
13727, 587444
13743, 588444
13735, 589445
13775, 590445
13775, 591446
13775, 592447
13759, 593447
13759, 594448
13727, 595448
13727, 596449
13743, 597449
