31, 604454
14879, 605455
14903, 606455
14993, 1087
14927, 2087
14927, 3088
14831, 4088
14927, 5089
14911, 6089
14863, 7090
14863, 8090
14959, 9091
14923, 10091
14863, 11092
14831, 12093
14927, 13093
14927, 14094
14863, 15094
14887, 16095
14923, 17095
14863, 18096
14863, 19096
14863, 20098
14911, 21098
14895, 22098
14863, 23099
14911, 24099
14799, 25100
14923, 26100
14831, 27101
14863, 28101
14903, 29103
14831, 30103
14899, 31104
14927, 32104
14927, 33104
14863, 34105
14863, 35105
14895, 36106
14903, 37106
14863, 38108
14831, 39108
14911, 40109
14863, 41109
14911, 42109
14799, 43110
14927, 44110
14911, 45111
14923, 46112
14863, 47113
14927, 48113
14903, 49114
14831, 50114
14863, 51115
14927, 52115
14831, 53115
14903, 54116
14831, 55117
14911, 56118
14863, 57118
14863, 58119
14927, 59119
14831, 60120
14799, 61120
14831, 62120
14831, 63121
14891, 64122
14863, 65123
14863, 66123
14911, 67124
14831, 68124
14863, 69125
14903, 70125
14863, 71126
14911, 72127
14799, 73127
14899, 74128
14903, 75128
14903, 76129
14887, 77129
14927, 78130
14911, 79130
14911, 80131
14863, 81132
14831, 82132
14927, 83133
14927, 84133
14927, 85134
14831, 86134
14911, 87135
14863, 88135
14911, 89136
14831, 90137
14863, 91138
14911, 92138
14903, 93138
14927, 94139
14927, 95139
14923, 96140
14887, 97140
14863, 98141
14831, 99142
14863, 100143
14831, 101143
14799, 102144
14903, 103144
14863, 104144
14831, 105146
14831, 106146
14799, 107147
14831, 108147
14799, 109148
14831, 110148
14863, 111150
14907, 112150
14831, 113150
14891, 114151
14799, 115151
14831, 116152
14895, 117153
14799, 118154
14903, 119154
14799, 120155
14903, 121155
14927, 122156
14799, 123157
14863, 124157
14783, 125158
14799, 126158
14831, 127159
14863, 128159
14799, 129161
14799, 130161
14831, 131162
14799, 132162
14799, 133163
14863, 134163
14911, 135164
14831, 136165
14927, 137165
14863, 138166
14899, 139166
14799, 140167
14799, 141168
14863, 142169
14911, 143169
14799, 144169
14927, 145170
14911, 146170
14831, 147172
14799, 148172
14903, 149173
14831, 150173
14911, 151174
14831, 152174
14863, 153176
14895, 154176
14911, 155176
14831, 156177
14903, 157177
14903, 158178
14831, 159179
14799, 160180
14895, 161180
14799, 162181
14799, 163181
14799, 164182
14831, 165183
14863, 166183
14831, 167184
14911, 168184
14799, 169185
14927, 170185
14903, 171187
14799, 172187
14863, 173188
14799, 174188
14799, 175188
14783, 176189
14831, 177190
14783, 178191
14799, 179191
14799, 180192
14783, 181192
14799, 182193
14863, 183194
14799, 184195
14799, 185195
14831, 186195
14799, 187196
14799, 188196
14799, 189198
14799, 190198
14799, 191199
14799, 192199
14799, 193200
14831, 194200
14799, 195202
14799, 196202
14831, 197202
14863, 198203
14799, 199203
14863, 200204
14775, 201205
14799, 202206
14783, 203206
14799, 204207
14783, 205207
14799, 206208
14799, 207209
14799, 208209
14799, 209210
14799, 210210
14799, 211211
14799, 212211
14887, 213212
14831, 214213
14831, 215214
14783, 216214
14799, 217214
14799, 218215
14799, 219215
14799, 220217
14831, 221217
14799, 222218
14783, 223218
14799, 224219
14799, 225219
14799, 226221
14799, 227221
14831, 228221
14895, 229222
14863, 230222
14799, 231224
14799, 232224
14831, 233225
14783, 234225
14783, 235226
14799, 236226
14799, 237228
14799, 238228
14783, 239228
14775, 240229
14831, 241229
14831, 242230
14775, 243231
14751, 244232
14799, 245232
14863, 246233
14799, 247233
14799, 248233
14799, 249235
14799, 250235
14799, 251236
14799, 252236
14799, 253237
14799, 254237
14799, 255239
14799, 256239
14703, 257240
14783, 258240
14799, 259240
14775, 260241
14799, 261241
14783, 262243
14799, 263243
14751, 264244
14799, 265244
14783, 266245
14831, 267245
14743, 268247
14783, 269247
14775, 270247
14743, 271248
14799, 272248
14783, 273249
14783, 274250
14799, 275251
14783, 276251
14863, 277252
14799, 278252
14775, 279252
14767, 280254
14799, 281254
14799, 282255
14783, 283255
14799, 284256
14799, 285256
14783, 286258
14799, 287258
14799, 288259
14799, 289259
14743, 290259
14863, 291260
14831, 292261
14799, 293262
14799, 294262
14799, 295263
14783, 296263
14779, 297264
14799, 298265
14743, 299266
14775, 300266
14799, 301266
14783, 302267
14783, 303267
14783, 304269
14783, 305269
14783, 306270
14831, 307270
14751, 308271
14751, 309271
14799, 310273
14783, 311273
14863, 312273
14783, 313274
14767, 314274
14747, 315275
14711, 316276
14775, 317277
14767, 318277
14831, 319278
14799, 320278
14783, 321278
14783, 322280
14783, 323280
14799, 324281
14783, 325281
14771, 326282
14751, 327282
14783, 328284
14799, 329284
14799, 330285
14799, 331285
14799, 332285
14783, 333286
14783, 334287
14783, 335288
14751, 336288
14783, 337289
14775, 338289
14799, 339290
14751, 340291
14783, 341292
14783, 342292
14799, 343292
14751, 344293
14783, 345293
14799, 346295
14711, 347295
14783, 348296
14783, 349296
14783, 350297
14799, 351297
14775, 352299
14751, 353299
14799, 354299
14747, 355300
14743, 356300
14799, 357301
14783, 358302
14739, 359303
14767, 360303
14751, 361304
14799, 362304
14799, 363304
14743, 364306
14799, 365306
14783, 366307
14743, 367307
14775, 368308
14799, 369308
14799, 370310
14799, 371310
14783, 372311
14767, 373311
14739, 374311
14751, 375312
14751, 376313
14771, 377314
14783, 378314
14751, 379315
14739, 380315
14799, 381316
14743, 382317
14751, 383318
14799, 384318
14775, 385318
14751, 386319
14799, 387319
14775, 388321
14799, 389321
14783, 390322
14775, 391322
14783, 392323
14751, 393323
14783, 394324
14743, 395325
14783, 396325
14783, 397326
14783, 398326
14767, 399327
14799, 400328
14783, 401329
14783, 402329
14767, 403330
14711, 404330
14751, 405330
14751, 406332
14739, 407332
14799, 408333
14775, 409333
14751, 410334
14739, 411334
14751, 412336
14751, 413336
14711, 414337
14759, 415337
14783, 416337
14783, 417338
14703, 418339
14775, 419340
14783, 420340
14799, 421341
14751, 422341
14783, 423342
14687, 424343
14783, 425344
14783, 426344
14779, 427344
14783, 428345
14765, 429345
14743, 430347
14799, 431347
14775, 432348
14783, 433348
14783, 434349
14751, 435349
14719, 436350
14743, 437351
14719, 438351
14751, 439352
14783, 440352
14775, 441353
14775, 442354
14711, 443355
14739, 444355
14719, 445356
14719, 446356
14719, 447356
14711, 448358
14719, 449358
14783, 450359
14751, 451359
14739, 452360
14671, 453360
14719, 454362
14719, 455362
14687, 456363
14741, 457363
14775, 458363
14711, 459364
14671, 460365
14711, 461366
14671, 462366
14719, 463367
14671, 464367
14711, 465368
14671, 466369
14687, 467369
14711, 468370
14671, 469370
14719, 470371
14687, 471371
14671, 472373
14743, 473373
14719, 474374
14671, 475374
14743, 476375
14687, 477375
14751, 478376
14687, 479377
14655, 480377
14743, 481378
14743, 482378
14719, 483379
14671, 484380
14711, 485381
14719, 486381
14743, 487382
14711, 488382
14775, 489382
14703, 490384
14671, 491384
14711, 492385
14671, 493385
14711, 494386
14743, 495386
14751, 496388
14703, 497388
14671, 498388
14751, 499389
14703, 500389
14767, 501391
14719, 502391
14703, 503392
14743, 504392
14751, 505393
14751, 506393
14719, 507395
14751, 508395
14687, 509395
14783, 510396
14743, 511396
14743, 512397
14719, 513398
14703, 514399
14711, 515399
14739, 516400
14751, 517400
14719, 518401
14739, 519402
14671, 520402
14703, 521403
14719, 522403
14719, 523404
14783, 524404
14703, 525406
14719, 526406
14751, 527407
14671, 528407
14739, 529408
14751, 530408
14751, 531409
14711, 532410
14687, 533410
14779, 534411
14687, 535411
14647, 536412
14743, 537413
14711, 538414
14687, 539414
14711, 540414
14687, 541415
14623, 542415
14703, 543417
14783, 544417
14703, 545418
14719, 546418
14711, 547419
14739, 548419
14739, 549421
14671, 550421
14671, 551421
14655, 552422
14783, 553422
14719, 554423
14623, 555424
14671, 556425
14651, 557425
14703, 558426
14671, 559426
14655, 560427
14655, 561428
14687, 562428
14655, 563429
14687, 564429
14671, 565430
14671, 566430
14687, 567432
14655, 568432
14671, 569433
14711, 570433
14719, 571433
14687, 572434
14671, 573435
14687, 574436
14743, 575436
14687, 576437
14651, 577437
14719, 578438
14671, 579439
14655, 580440
14671, 581440
14623, 582440
14623, 583441
14671, 584441
14703, 585443
14671, 586443
14655, 587444
14671, 588444
14655, 589445
14687, 590445
14671, 591447
14655, 592447
14671, 593447
14671, 594448
14671, 595448
14655, 596449
14655, 597450
