4
13503, 1127784
13519, 1128784
13519, 1129786
13519, 1130786
13567, 1087
13519, 2087
13567, 3088
13551, 4088
13567, 5089
13551, 6089
13519, 7090
13567, 8090
13519, 9091
13567, 10091
13567, 11092
13479, 12093
13503, 13093
13519, 14094
13519, 15094
13519, 16095
13551, 17095
13519, 18096
13503, 19096
13503, 20098
13583, 21098
13551, 22098
13503, 23099
13631, 24099
13431, 25100
13583, 26100
13583, 27101
13551, 28101
13503, 29103
13519, 30103
13519, 31104
13583, 32104
13583, 33104
13503, 34105
13567, 35105
13479, 36106
13479, 37106
13631, 38108
13503, 39108
13567, 40109
13519, 41109
13471, 42109
13551, 43110
13551, 44110
13519, 45111
13519, 46112
13519, 47113
13567, 48113
13519, 49114
13519, 50114
13551, 51115
13519, 52115
13551, 53115
13519, 54116
13583, 55117
13503, 56118
13519, 57118
13519, 58119
13551, 59119
13551, 60120
13583, 61120
13503, 62120
13567, 63121
13519, 64122
13567, 65123
13519, 66123
13583, 67124
13567, 68124
13519, 69125
13519, 70125
13519, 71126
13519, 72126
13567, 73127
13551, 74128
13519, 75128
13519, 76129
13495, 77129
13583, 78130
13583, 79130
13519, 80131
13519, 81132
13503, 82132
13519, 83133
13567, 84133
13551, 85134
13583, 86134
13567, 87135
13551, 88135
13583, 89136
11472, 90137
11440, 91138
11440, 92138
11440, 93138
11344, 94139
