14031, 1087
13975, 2087
13975, 3088
13968, 4088
13903, 5089
13968, 6089
13968, 7090
13983, 8090
13903, 9091
13936, 10091
13971, 11092
13975, 12093
13969, 13093
13968, 14094
13943, 15094
13971, 16095
13936, 17095
14003, 18096
13943, 19096
13983, 20098
13968, 21098
13887, 22098
13983, 23099
14015, 24099
13971, 25100
14003, 26100
13903, 27101
14003, 28101
13975, 29103
13903, 30103
13971, 31104
13943, 32104
13975, 33104
13975, 34105
14031, 35105
14003, 36106
13943, 37107
13887, 38108
14007, 39108
14007, 40109
13943, 41109
14007, 42109
13936, 43110
13903, 44110
13943, 45111
13971, 46112
13839, 47113
13983, 48113
13903, 49114
13947, 50114
13968, 51115
14031, 52115
13939, 53115
13879, 54116
13969, 55117
13903, 56118
13971, 57118
13971, 58119
13939, 59119
13968, 60120
13968, 61120
13983, 62120
13968, 63121
13975, 64122
13903, 65123
13975, 66123
14003, 67124
13939, 68124
13936, 69125
13971, 70125
13887, 71126
13968, 72127
13968, 73127
13903, 74128
13903, 75128
13968, 76129
13919, 77129
13971, 78130
13903, 79130
13983, 80131
13971, 81132
13887, 82132
13903, 83133
13975, 84133
13887, 85134
13887, 86134
13937, 87135
13975, 88135
13943, 89136
13903, 90137
13968, 91138
13903, 92138
13903, 93138
13943, 94139
13937, 95139
13983, 96140
13975, 97140
13875, 98142
13975, 99142
14015, 100143
13939, 101143
13947, 102144
13943, 103144
13947, 104144
13903, 105146
13943, 106146
13983, 107147
14003, 108147
13971, 109148
13983, 110148
14003, 111150
13887, 112150
13971, 113150
13983, 114151
13943, 115151
13887, 116152
13903, 117153
13983, 118154
13968, 119154
14003, 120155
13969, 121155
14003, 122156
14003, 123157
14031, 124157
13983, 125158
13937, 126158
14031, 127159
13939, 128159
13983, 129161
13903, 130161
13937, 131162
13943, 132162
13939, 133163
13919, 134163
13903, 135164
13968, 136165
13983, 137165
14015, 138166
14003, 139166
13941, 140167
14007, 141168
13899, 142169
13839, 143169
13975, 144169
13903, 145170
13903, 146170
13943, 147172
13903, 148172
14003, 149173
13899, 150173
13975, 151174
13919, 152174
13975, 153176
13903, 154176
14003, 155176
13983, 156177
13903, 157177
13839, 158178
13903, 159179
13969, 160180
13903, 161180
13839, 162181
13879, 163181
13903, 164182
13943, 165183
13839, 166183
13887, 167184
13903, 168184
13887, 169185
13887, 170185
13903, 171187
13971, 172187
13887, 173188
13879, 174188
13968, 175188
13903, 176189
13947, 177190
13879, 178191
13968, 179191
13887, 180192
13887, 181192
13903, 182193
13983, 183194
13936, 184195
13903, 185195
13903, 186195
13968, 187196
13903, 188196
13903, 189198
13943, 190198
13903, 191199
13919, 192199
13903, 193200
13939, 194200
13971, 195202
13903, 196202
13943, 197202
13887, 198203
13971, 199203
13903, 200204
13903, 201205
13875, 202206
13903, 203206
13903, 204207
13903, 205207
13903, 206208
13943, 207209
13887, 208209
13943, 209210
13903, 210210
13879, 211211
13887, 212211
13939, 213213
13875, 214213
13903, 215214
13903, 216214
13939, 217214
13903, 218215
13875, 219216
13969, 220217
13943, 221217
13872, 222218
13879, 223218
13887, 224219
13903, 225220
13903, 226221
13823, 227221
13975, 228221
13968, 229222
13968, 230222
13903, 231224
13839, 232224
13879, 233225
13903, 234225
13887, 235226
13903, 236226
13943, 237228
13839, 238228
13887, 239228
13903, 240229
13839, 241229
13938, 242230
13887, 243231
13875, 244232
13887, 245232
13903, 246233
13939, 247233
13875, 248233
13823, 249235
13971, 250235
13903, 251236
13968, 252236
13939, 253237
13936, 254237
13969, 255239
13903, 256239
13943, 257240
13903, 258240
13903, 259240
13887, 260241
13903, 261241
13883, 262243
13903, 263243
13939, 264244
13903, 265244
13947, 266245
13883, 267245
13839, 268247
13919, 269247
13943, 270247
13899, 271248
13951, 272248
13899, 273249
13968, 274250
13919, 275251
13968, 276251
13903, 277252
13903, 278252
13887, 279252
13875, 280254
13903, 281254
13939, 282255
13883, 283255
13887, 284256
13971, 285256
13903, 286258
13887, 287258
13936, 288259
13887, 289259
13936, 290259
13887, 291260
13943, 292261
13887, 293262
13903, 294262
13943, 295263
13887, 296263
13919, 297264
13887, 298265
13903, 299266
13879, 300266
13875, 301266
13968, 302267
13887, 303267
13943, 304269
13903, 305269
13943, 306270
13903, 307270
13875, 308271
13887, 309271
13968, 310273
14015, 311273
13971, 312273
13903, 313274
13887, 314274
13943, 315275
13887, 316276
13887, 317277
13903, 318277
13903, 319278
13939, 320278
13919, 321278
13887, 322280
13919, 323280
13883, 324281
13887, 325281
13887, 326282
13971, 327282
13887, 328284
13943, 329284
13943, 330285
13887, 331285
13903, 332285
13943, 333286
13887, 334287
13887, 335288
13823, 336288
13887, 337289
13903, 338289
13903, 339290
13903, 340291
13968, 341292
13903, 342292
13887, 343292
13903, 344293
13936, 345293
13937, 346295
13936, 347295
13903, 348296
13903, 349296
13883, 350297
13899, 351297
13887, 352299
13823, 353299
13939, 354299
13939, 355300
13971, 356300
13887, 357301
13903, 358302
13899, 359303
13883, 360303
13971, 361304
13887, 362304
13903, 363304
13936, 364306
13887, 365306
13899, 366307
13887, 367307
13903, 368308
13903, 369308
13903, 370310
13879, 371310
13899, 372311
13823, 373311
13903, 374311
13874, 375312
13887, 376313
13875, 377314
13903, 378314
13887, 379315
13823, 380315
13887, 381316
13903, 382317
13937, 383318
13899, 384318
13887, 385318
13879, 386319
13887, 387319
13875, 388321
13883, 389321
13968, 390322
13874, 391322
13903, 392323
13943, 393323
13839, 394324
13903, 395325
13903, 396325
13968, 397326
13939, 398326
13887, 399327
13839, 400328
13839, 401329
13839, 402329
13903, 403330
13879, 404330
13873, 405330
13887, 406332
13875, 407332
13887, 408333
13839, 409333
13887, 410334
13875, 411334
13875, 412336
13839, 413336
13775, 414337
13903, 415337
13887, 416337
13903, 417338
13839, 418339
13903, 419340
13839, 420340
13887, 421341
13835, 422341
13835, 423342
13835, 424343
13835, 425344
13823, 426344
13835, 427344
13899, 428345
13887, 429345
13903, 430347
13875, 431347
13903, 432348
13874, 433348
13872, 434349
13879, 435349
13875, 436350
13872, 437351
13943, 438351
13873, 439352
13875, 440352
13939, 441353
13903, 442354
13839, 443355
13835, 444355
13839, 445356
13839, 446356
13875, 447356
13887, 448358
13775, 449358
13875, 450359
13775, 451359
13839, 452360
13823, 453360
13903, 454362
13903, 455362
13823, 456363
13823, 457363
13919, 458363
13873, 459364
13823, 460365
13887, 461366
13875, 462366
13839, 463367
13939, 464367
13839, 465368
13839, 466369
13835, 467369
13875, 468370
13887, 469370
13775, 470371
13903, 471371
13835, 472373
13903, 473373
13903, 474374
13839, 475374
13887, 476375
13968, 477375
13899, 478376
13839, 479377
13887, 480377
13879, 481378
13823, 482378
13936, 483379
13879, 484380
13775, 485381
13823, 486381
13823, 487382
13839, 488382
13839, 489382
13887, 490384
13835, 491384
13875, 492385
13839, 493385
13775, 494386
13823, 495386
13823, 496388
13835, 497388
13879, 498388
13775, 499389
13903, 500389
13903, 501390
13775, 502391
13835, 503392
13887, 504392
13903, 505393
13775, 506393
13839, 507394
13839, 508395
13823, 509395
13887, 510396
13839, 511396
13839, 512397
13887, 513397
13839, 514399
13883, 515399
13875, 516400
13899, 517400
13903, 518401
13879, 519401
13887, 520402
13839, 521403
13887, 522403
13879, 523404
13839, 524404
13879, 525405
13887, 526406
13839, 527407
13875, 528407
13903, 529408
13823, 530408
13839, 531408
13872, 532410
13887, 533410
13839, 534411
13887, 535411
13839, 536412
13903, 537412
13874, 538414
13839, 539414
13875, 540414
13939, 541415
13835, 542415
13903, 543416
13839, 544417
13775, 545418
13835, 546418
13872, 547419
13875, 548419
13879, 549420
13872, 550421
13839, 551421
13835, 552422
13883, 553422
13823, 554423
13839, 555423
13887, 556425
13919, 557425
13875, 558426
13835, 559426
13839, 560427
13823, 561427
13839, 562428
13823, 563429
13879, 564429
13775, 565430
13823, 566430
13775, 567431
13879, 568432
13775, 569433
13943, 570433
13835, 571433
13823, 572434
13887, 573434
13775, 574436
13835, 575436
13887, 576437
13873, 577437
13775, 578438
13775, 579438
13839, 580440
13823, 581440
13775, 582440
13839, 583441
13775, 584441
13903, 585442
13887, 586443
13823, 587444
13839, 588444
13879, 589445
13775, 590445
13823, 591446
13874, 592447
13887, 593447
13775, 594448
13887, 595448
13775, 596449
13823, 597449
