14335, 1087
14335, 2087
14287, 3088
14231, 4088
14287, 5089
14287, 6089
14271, 7090
14287, 8090
14271, 9091
14271, 10091
14287, 11092
14287, 12093
14239, 13093
14255, 14094
14239, 15094
14271, 16095
14287, 17095
14271, 18096
14271, 19096
14287, 20098
14231, 21098
14263, 22098
14287, 23099
14271, 24099
14287, 25100
14287, 26100
14287, 27101
14287, 28101
14239, 29103
14271, 30103
14239, 31104
14287, 32104
14239, 33104
14271, 34105
14259, 35105
14287, 36106
14287, 37106
14287, 38108
14207, 39108
14239, 40109
14287, 41109
14239, 42109
14255, 43110
14263, 44110
14287, 45111
14271, 46112
14271, 47113
14287, 48113
14239, 49114
14271, 50114
14287, 51115
14287, 52115
14351, 53115
14271, 54116
14231, 55117
14287, 56118
14287, 57118
14255, 58119
14271, 59119
14207, 60120
14255, 61120
14271, 62120
14207, 63121
14263, 64122
14239, 65123
14287, 66123
14239, 67124
14239, 68124
14235, 69125
14255, 70125
14207, 71126
14159, 72126
14231, 73127
14159, 74128
14231, 75128
14199, 76129
14207, 77129
14319, 78130
14263, 79130
14199, 80131
14239, 81132
14239, 82132
14231, 83133
14159, 84133
14207, 85134
14259, 86134
14207, 87135
14199, 88135
14239, 89136
14271, 90137
14239, 91138
14259, 92138
14239, 93138
14263, 94139
14159, 95139
14271, 96140
14259, 97140
14263, 98141
14231, 99142
14271, 100143
14251, 101143
14263, 102144
14271, 103144
14231, 104144
14271, 105146
14231, 106146
14271, 107147
14251, 108147
14239, 109148
14239, 110148
14239, 111150
14271, 112150
14263, 113150
14239, 114151
14239, 115151
14271, 116152
14239, 117153
14263, 118154
14239, 119154
14207, 120155
14287, 121155
14239, 122156
14227, 123157
14239, 124157
14263, 125158
14259, 126158
14271, 127159
14239, 128159
14271, 129161
14207, 130161
14287, 131162
14207, 132162
14207, 133163
14263, 134163
14255, 135164
14207, 136165
14239, 137165
14207, 138166
14239, 139166
14199, 140167
14231, 141168
14271, 142169
14239, 143169
14159, 144169
14231, 145170
14271, 146170
14271, 147172
14159, 148172
14271, 149173
14263, 150173
14207, 151174
14231, 152174
14207, 153176
14159, 154176
14271, 155176
14239, 156177
14159, 157177
14159, 158178
14255, 159179
14207, 160180
14239, 161180
14231, 162181
14223, 163181
14271, 164182
14159, 165183
14287, 166183
14143, 167184
14207, 168184
14239, 169185
14287, 170185
14239, 171186
14255, 172187
14199, 173188
14159, 174188
14239, 175188
14259, 176189
14255, 177189
14207, 178191
14207, 179191
14231, 180192
14231, 181192
14207, 182193
14207, 183193
14207, 184195
14159, 185195
14239, 186195
14255, 187196
14207, 188196
14207, 189197
14263, 190198
14239, 191199
14255, 192199
14223, 193200
14231, 194200
14159, 195201
14259, 196202
14207, 197202
14263, 198203
14223, 199203
14159, 200204
14207, 201204
14207, 202206
14159, 203206
14199, 204207
14231, 205207
14287, 206208
14251, 207208
14159, 208209
14159, 209210
14239, 210210
14159, 211211
14159, 212211
14239, 213212
14207, 214213
14207, 215214
14159, 216214
14143, 217214
14231, 218215
14227, 219215
14271, 220217
14159, 221217
14239, 222218
14159, 223218
14159, 224219
14231, 225219
14207, 226221
14271, 227221
14231, 228221
14231, 229222
14287, 230222
14251, 231223
14239, 232224
14251, 233225
14207, 234225
14239, 235226
14239, 236226
14263, 237227
14251, 238228
14231, 239228
14263, 240229
14159, 241229
14231, 242230
14263, 243230
14207, 244232
14207, 245232
14239, 246233
14223, 247233
14159, 248233
14207, 249234
14207, 250235
14207, 251236
14207, 252236
14159, 253237
14159, 254237
14207, 255238
14255, 256239
14159, 257240
14207, 258240
14207, 259240
14159, 260241
14231, 261241
14239, 262243
14159, 263243
14159, 264244
14159, 265244
14251, 266245
14263, 267245
14207, 268247
14159, 269247
14207, 270247
14199, 271248
14239, 272248
14207, 273249
14159, 274250
14159, 275251
14159, 276251
14159, 277252
14263, 278252
14143, 279252
14207, 280254
14159, 281254
14159, 282255
14159, 283255
14159, 284256
14231, 285256
14263, 286258
14239, 287258
14143, 288259
14239, 289259
14159, 290259
14239, 291260
14159, 292261
14159, 293262
14159, 294262
14143, 295263
14271, 296263
14159, 297264
14159, 298265
14159, 299266
14143, 300266
14251, 301266
14207, 302267
14239, 303267
14287, 304269
14239, 305269
14207, 306270
14159, 307270
14239, 308271
14159, 309271
14159, 310273
14199, 311273
14159, 312273
14143, 313274
14263, 314274
14135, 315275
14159, 316276
14207, 317277
14159, 318277
14159, 319278
14159, 320278
14207, 321278
14159, 322280
14159, 323280
14207, 324281
14231, 325281
14159, 326282
14207, 327282
14239, 328284
14159, 329284
14159, 330285
14159, 331285
14231, 332285
14207, 333286
14207, 334287
14227, 335288
14223, 336288
14159, 337289
14199, 338289
14207, 339290
14159, 340291
14135, 341292
14159, 342292
14239, 343292
14159, 344293
14207, 345293
14143, 346295
14143, 347295
14259, 348296
14271, 349296
14143, 350297
14159, 351297
14143, 352299
14143, 353299
14199, 354299
14143, 355300
14207, 356300
14251, 357301
14223, 358302
14199, 359303
14159, 360303
14111, 361304
14143, 362304
14231, 363304
14143, 364306
14159, 365306
14255, 366307
14199, 367307
14199, 368308
14207, 369308
14159, 370310
14159, 371310
14207, 372311
14143, 373311
14159, 374311
14143, 375312
14159, 376313
14159, 377314
14159, 378314
14095, 379315
14199, 380315
14143, 381316
14207, 382317
14143, 383318
14135, 384318
14159, 385318
14159, 386319
14159, 387319
14127, 388321
14159, 389321
14159, 390322
14207, 391322
14111, 392323
14159, 393323
14127, 394324
14159, 395325
14159, 396325
14143, 397326
14159, 398326
14143, 399327
14199, 400328
14127, 401329
14135, 402329
14143, 403330
14127, 404330
14159, 405330
14199, 406332
14207, 407332
14135, 408333
14231, 409333
14143, 410334
14127, 411334
14143, 412336
14159, 413336
14127, 414337
14159, 415337
14127, 416337
14119, 417338
14159, 418339
14159, 419340
14159, 420340
14159, 421341
14095, 422341
14159, 423342
14159, 424343
14159, 425344
14143, 426344
14159, 427344
14143, 428345
14135, 429345
14143, 430347
14207, 431347
14159, 432348
14159, 433348
14135, 434349
14159, 435349
14127, 436350
14159, 437351
14143, 438351
14159, 439352
14135, 440352
14135, 441353
14143, 442354
14231, 443355
14207, 444355
14143, 445356
14143, 446356
14159, 447356
14159, 448358
14135, 449358
14143, 450359
14143, 451359
14143, 452360
14207, 453360
14135, 454362
14143, 455362
14159, 456363
14111, 457363
14207, 458363
14127, 459364
14135, 460365
14159, 461366
14143, 462366
14135, 463367
14135, 464367
14207, 465368
14159, 466369
14095, 467369
14207, 468370
14207, 469370
14119, 470371
14159, 471371
14127, 472373
14143, 473373
14159, 474374
14159, 475374
14159, 476375
14143, 477375
14199, 478376
14143, 479377
14159, 480377
14127, 481378
14159, 482378
14159, 483379
14143, 484380
14135, 485381
14143, 486381
14143, 487382
14159, 488382
14127, 489382
14159, 490384
14143, 491384
14207, 492385
14143, 493385
14111, 494386
14199, 495386
14135, 496388
14159, 497388
14159, 498388
14159, 499389
14143, 500389
14159, 501390
14159, 502391
14159, 503392
14135, 504392
14143, 505393
14095, 506393
14159, 507394
14159, 508395
14095, 509395
14111, 510396
14079, 511396
14075, 512397
14159, 513397
14159, 514399
14159, 515399
14159, 516400
14135, 517400
14207, 518401
14111, 519401
14143, 520402
14159, 521403
14143, 522403
14143, 523404
14095, 524404
14127, 525405
14127, 526406
14143, 527407
14095, 528407
14159, 529408
14127, 530408
14135, 531408
14159, 532410
14143, 533410
14111, 534411
14047, 535411
14095, 536412
14127, 537412
14095, 538414
14135, 539414
14143, 540414
14159, 541415
14159, 542415
14127, 543416
14135, 544417
14143, 545418
14159, 546418
14095, 547419
14095, 548419
14087, 549420
14111, 550421
14127, 551421
14127, 552422
14127, 553422
14143, 554423
14127, 555423
14111, 556425
14143, 557425
14143, 558426
14135, 559426
14111, 560427
14079, 561427
14127, 562428
14095, 563429
14095, 564429
14127, 565430
14143, 566430
14127, 567431
14079, 568432
14143, 569433
14143, 570433
14127, 571433
14159, 572434
14079, 573434
14127, 574436
14127, 575436
14111, 576437
14063, 577437
14075, 578438
14127, 579438
14079, 580440
14143, 581440
14095, 582440
14127, 583441
14111, 584441
14095, 585442
14079, 586443
14111, 587444
14079, 588444
14127, 589445
14111, 590445
14127, 591446
14095, 592447
14127, 593447
14123, 594448
14015, 595448
14127, 596449
14159, 597449
