3679, 611459
13775, 612459
13759, 613459
13775, 614460
13719, 615460
13751, 616462
13775, 617462
13695, 1087
13743, 2087
13759, 3088
13727, 4088
13759, 5089
13759, 6089
13719, 7090
13719, 8090
13743, 9091
13727, 10091
13759, 11092
13759, 12093
13727, 13093
13727, 14094
13719, 15094
13679, 16095
13647, 17095
13719, 18096
13751, 19096
13835, 20098
13727, 21098
13759, 22098
13719, 23099
13647, 24099
13647, 25100
13679, 26100
13743, 27101
13743, 28101
13743, 29103
13759, 30103
13759, 31104
13679, 32104
13719, 33104
13719, 34105
13711, 35105
13741, 36106
13759, 37106
13723, 38108
13743, 39108
13727, 40109
13759, 41109
13775, 42109
13679, 43110
13755, 44110
13647, 45111
13775, 46112
13743, 47113
13727, 48113
13719, 49114
13719, 50114
13695, 51115
13759, 52115
13755, 53115
13679, 54116
13759, 55117
13719, 56118
13679, 57118
13741, 58119
13727, 59119
13741, 60120
13695, 61120
13647, 62120
13679, 63121
13647, 64122
13775, 65123
13723, 66123
13759, 67124
13743, 68124
13727, 69125
13679, 70125
13719, 71126
13647, 72126
13727, 73127
13719, 74128
13759, 75128
13759, 76129
13741, 77129
13719, 78130
13679, 79130
13743, 80131
13775, 81132
13759, 82132
13647, 83133
13727, 84133
13759, 85134
13759, 86134
13727, 87135
13727, 88135
13647, 89136
13727, 90137
13647, 91138
13647, 92138
13759, 93138
13759, 94139
13727, 95139
13727, 96140
13719, 97140
13735, 98141
13727, 99142
13647, 100143
13775, 101143
13647, 102144
13727, 103144
13719, 104144
13759, 105146
13719, 106146
13759, 107147
13741, 108147
13759, 109148
13759, 110148
13647, 111150
13695, 112150
13719, 113150
13647, 114151
13735, 115151
13679, 116152
13727, 117153
13775, 118154
13741, 119154
13727, 120155
13775, 121155
13775, 122156
13727, 123157
13679, 124157
13775, 125158
13727, 126158
13695, 127159
13727, 128159
13679, 129161
13835, 130161
13743, 131162
13679, 132162
13735, 133163
13647, 134163
13743, 135163
13751, 136165
13775, 137165
13719, 138166
13775, 139166
13775, 140167
13759, 141167
13679, 142169
13727, 143169
13759, 144169
13743, 145170
13647, 146170
13775, 147171
13647, 148172
13775, 149173
13719, 150173
13775, 151174
13759, 152174
13727, 153175
13727, 154176
13759, 155176
13727, 156177
13743, 157177
13719, 158178
13759, 159179
13727, 160180
13743, 161180
13743, 162181
13775, 163181
13727, 164182
13695, 165182
13759, 166183
13775, 167184
13727, 168184
13839, 169185
13695, 170185
13735, 171186
13743, 172187
13727, 173188
13759, 174188
13727, 175188
13743, 176189
13759, 177189
13723, 178191
13759, 179191
13727, 180192
13719, 181192
13775, 182193
13759, 183193
13743, 184195
13759, 185195
13759, 186195
13759, 187196
13759, 188196
13759, 189197
13751, 190198
13775, 191199
13647, 192199
13727, 193200
13679, 194200
13775, 195201
13743, 196202
13679, 197202
13775, 198203
13743, 199203
13647, 200204
13775, 201204
13695, 202206
13759, 203206
13759, 204207
13775, 205207
13775, 206208
13727, 207208
13647, 208209
13759, 209210
13727, 210210
13695, 211211
13679, 212211
13775, 213212
13775, 214213
13727, 215214
13727, 216214
13735, 217214
13719, 218215
13775, 219215
13759, 220217
13679, 221217
13759, 222218
13679, 223218
13743, 224219
13741, 225219
13679, 226221
13695, 227221
13775, 228221
13759, 229222
13695, 230222
13775, 231223
13743, 232224
13743, 233225
13759, 234225
13743, 235226
13727, 236226
13679, 237227
13775, 238228
13727, 239228
13647, 240229
13775, 241229
13727, 242230
13719, 243230
13647, 244232
13775, 245232
13695, 246233
13759, 247233
13759, 248233
13743, 249234
13727, 250235
13743, 251236
13727, 252236
13759, 253237
13775, 254237
13679, 255238
13759, 256239
13647, 257240
13679, 258240
13679, 259240
13727, 260241
13723, 261241
13719, 262243
13755, 263243
13775, 264244
13743, 265244
13719, 266245
13775, 267245
13647, 268247
13759, 269247
13775, 270247
13743, 271248
13695, 272248
13679, 273249
13647, 274250
13743, 275251
13743, 276251
13759, 277252
13775, 278252
13679, 279252
13727, 280254
13719, 281254
13727, 282255
13647, 283255
13631, 284256
13719, 285256
13743, 286258
13775, 287258
13647, 288259
13727, 289259
13743, 290259
13679, 291260
13727, 292261
13719, 293262
13647, 294262
13775, 295263
13727, 296263
13647, 297264
13727, 298265
13719, 299266
13759, 300266
13631, 301266
13647, 302267
13727, 303267
13743, 304269
13647, 305269
13743, 306270
13647, 307270
13719, 308271
13711, 309271
13647, 310273
13727, 311273
13679, 312273
13679, 313274
13679, 314274
13711, 315275
13679, 316276
13727, 317277
13719, 318277
13679, 319278
13679, 320278
13647, 321278
13775, 322280
13679, 323280
13727, 324281
13695, 325281
13727, 326282
13679, 327282
13719, 328284
13775, 329284
13727, 330285
13759, 331285
13743, 332285
13743, 333286
13775, 334287
13695, 335288
13759, 336288
13727, 337289
13727, 338289
13759, 339290
13647, 340291
13759, 341292
13759, 342292
13743, 343292
13743, 344293
13647, 345293
13727, 346295
13695, 347295
13679, 348296
13727, 349296
13647, 350297
13775, 351297
13759, 352299
13711, 353299
13727, 354299
13647, 355300
13679, 356300
13743, 357301
13647, 358302
13719, 359303
13695, 360303
13759, 361304
13647, 362304
13719, 363304
13695, 364306
13647, 365306
13647, 366307
13679, 367307
13679, 368308
13723, 369308
13775, 370310
13679, 371310
13679, 372311
13647, 373311
13647, 374311
13727, 375312
13647, 376313
13743, 377314
13647, 378314
13759, 379315
13727, 380315
13647, 381316
13679, 382317
13743, 383318
13711, 384318
13647, 385318
13679, 386319
13743, 387319
13719, 388321
13759, 389321
13647, 390322
13719, 391322
13647, 392323
13631, 393323
13679, 394324
13647, 395325
13647, 396325
13647, 397326
13647, 398326
13679, 399327
13695, 400328
13647, 401329
13647, 402329
13647, 403330
13679, 404330
13647, 405330
13743, 406332
13647, 407332
13647, 408333
13759, 409333
13647, 410334
13647, 411334
13647, 412336
13727, 413336
13583, 414337
13719, 415337
13735, 416337
13759, 417338
13695, 418339
13679, 419340
13679, 420340
13647, 421341
13647, 422341
13647, 423342
13647, 424343
13679, 425344
13727, 426344
13647, 427344
13679, 428345
13631, 429345
13627, 430347
13743, 431347
13727, 432348
13719, 433348
13647, 434349
13743, 435349
13719, 436349
13727, 437351
13727, 438351
13727, 439352
13743, 440352
13727, 441353
13695, 442354
13727, 443355
13723, 444355
13647, 445356
13719, 446356
13727, 447356
13647, 448358
13647, 449358
13647, 450359
13679, 451359
13647, 452360
13643, 453360
13647, 454361
13647, 455362
13695, 456363
13643, 457363
13647, 458363
13727, 459364
13679, 460364
13719, 461366
13647, 462366
13647, 463367
13647, 464367
13743, 465368
13647, 466368
13759, 467369
13647, 468370
13647, 469370
13679, 470371
13623, 471371
13719, 472372
13647, 473373
13647, 474374
13647, 475374
13679, 476375
13759, 477375
13647, 478375
13679, 479377
13743, 480377
13631, 481378
13719, 482378
13631, 483379
13679, 484379
13631, 485381
13647, 486381
13647, 487382
13647, 488382
13647, 489382
13695, 490383
13743, 491384
13631, 492385
13647, 493385
13631, 494386
13647, 495386
13679, 496387
13631, 497388
13647, 498388
13647, 499389
13583, 500389
13647, 501390
13631, 502390
13583, 503392
13695, 504392
13695, 505393
13647, 506393
13647, 507394
13679, 508394
13647, 509395
13647, 510396
13647, 511396
13679, 512397
13695, 513397
13647, 514398
13723, 515399
13647, 516400
13743, 517400
13647, 518401
13695, 519401
13647, 520401
13647, 521403
13695, 522403
13647, 523404
13647, 524404
13727, 525405
13647, 526405
13631, 527407
13647, 528407
13583, 529408
13719, 530408
13647, 531408
13631, 532409
13647, 533410
13679, 534411
13647, 535411
13695, 536412
13647, 537412
13679, 538413
13631, 539414
13647, 540414
13679, 541415
13679, 542415
13647, 543416
13695, 544416
13631, 545418
13647, 546418
13727, 547419
13743, 548419
13719, 549420
13679, 550420
13647, 551421
13647, 552422
13647, 553422
13647, 554423
13727, 555423
13647, 556424
13583, 557425
13679, 558426
13647, 559426
13679, 560427
13647, 561427
13647, 562427
13679, 563429
13647, 564429
13647, 565430
13647, 566430
13631, 567431
13647, 568431
13647, 569433
13647, 570433
13723, 571433
13647, 572434
13647, 573434
13727, 574435
13719, 575436
13679, 576437
13647, 577437
13643, 578438
13647, 579438
13727, 580439
13719, 581440
13583, 582440
13647, 583441
13647, 584441
13647, 585442
13647, 586442
13735, 587444
13647, 588444
13743, 589445
13583, 590445
13741, 591446
13647, 592446
13647, 593447
13647, 594448
13647, 595448
13631, 596449
13647, 597449
