6047, 631185
16111, 631285
16143, 631387
16111, 631487
15951, 631587
15935, 631689
630883
16063, 630984
16055, 631085
16047, 631185
16111, 631285
16143, 631387
16111, 631487
15951, 631587
15935, 631689
16111, 1087
16191, 1187
16111, 1288
16191, 1388
16079, 1488
16111, 1589
16111, 1690
16055, 1790
16175, 1891
15951, 1991
16111, 2092
16019, 2192
16191, 2293
16143, 2394
16031, 2494
16111, 2594
16079, 2695
16207, 2795
15951, 2896
16031, 2997
16079, 3097
16207, 3197
16079, 3298
16111, 3398
16111, 3500
16143, 3600
16175, 3700
16063, 3801
16111, 3901
16175, 4001
16055, 4102
16143, 4203
16271, 4303
16207, 4404
16111, 4504
16175, 4604
16027, 4705
16111, 4806
16191, 4907
16143, 5007
16079, 5107
16207, 5208
16111, 5308
16143, 5409
16191, 5510
16079, 5610
16095, 5710
16111, 5811
16023, 5911
16079, 6012
16175, 6113
16143, 6213
16191, 6313
16111, 6414
16191, 6514
16079, 6615
16111, 6716
16063, 6816
16023, 6917
16079, 7017
16063, 7117
16063, 7218
16079, 7319
16079, 7419
16191, 7520
16143, 7620
16023, 7720
16111, 7821
16079, 7922
16143, 8023
16111, 8123
15999, 8223
16079, 8324
16079, 8424
16079, 8525
16175, 8626
16143, 8726
16191, 8826
16303, 8927
16063, 9027
16143, 9128
16063, 9229
16143, 9329
16079, 9430
16207, 9530
16175, 9630
16175, 9731
16143, 9832
15951, 9932
16143, 10033
15999, 10133
16143, 10233
16191, 10335
16143, 10435
16063, 10535
16079, 10636
16047, 10736
16143, 10838
16143, 10938
16111, 11038
16207, 11139
16111, 11239
16175, 11340
16143, 11441
16207, 11541
16207, 11641
16143, 11742
16079, 11843
16111, 11943
16079, 12044
16143, 12144
16143, 12244
16191, 12346
16063, 12446
16143, 12547
16079, 12647
16111, 12747
16055, 12849
16111, 12949
16079, 13049
16023, 13150
16111, 13250
16191, 13351
16191, 13452
15951, 13552
15951, 13652
16047, 13754
16111, 13854
16079, 13955
16079, 14055
16019, 14155
16143, 14257
16111, 14357
16143, 14457
16079, 14558
16111, 14658
16143, 14759
16175, 14860
16031, 14960
16079, 15060
16175, 15161
16175, 15262
16175, 15363
16079, 15463
16079, 15563
16143, 15664
16079, 15765
16191, 15865
16079, 15966
16175, 16066
16031, 16166
16047, 16268
16191, 16368
16023, 16468
16175, 16569
16079, 16669
16079, 16771
16079, 16871
16111, 16971
15951, 17072
16079, 17172
16111, 17273
16079, 17374
16175, 17474
16207, 17574
16079, 17675
16079, 17776
16111, 17876
16143, 17977
15999, 18077
16039, 18179
16079, 18279
16111, 18379
16111, 18480
16255, 18580
16111, 18681
16079, 18782
16111, 18882
16111, 18982
16191, 19083
16111, 19184
16111, 19284
16191, 19385
16047, 19485
16143, 19586
15999, 19687
16063, 19787
16143, 19888
16111, 19988
16319, 20088
16031, 20190
16175, 20290
16143, 20390
16063, 20491
15951, 20591
16111, 20692
16143, 20793
16031, 20893
16111, 20994
16175, 21094
16111, 21195
16079, 21296
16191, 21396
16111, 21496
16055, 21597
16063, 21698
16111, 21798
15999, 21899
16031, 21999
16111, 22099
16111, 22201
16079, 22301
16079, 22402
16111, 22502
16023, 22603
16031, 22704
16143, 22804
16111, 22904
16063, 23005
16143, 23106
16079, 23206
16079, 23307
16111, 23407
16111, 23507
16031, 23609
16031, 23709
16207, 23810
16207, 23910
16255, 24010
16111, 24112
16143, 24212
16063, 24312
16079, 24413
16111, 24513
16047, 24614
16143, 24715
16111, 24815
16143, 24915
16143, 25016
16055, 25117
16023, 25218
16111, 25318
15999, 25418
15999, 25519
16111, 25620
16063, 25720
16095, 25821
16191, 25921
16111, 26021
16191, 26123
16079, 26223
16047, 26323
16111, 26424
16175, 26524
16079, 26626
16023, 26726
16143, 26826
15999, 26927
16143, 27028
16063, 27128
16055, 27229
16063, 27329
16079, 27429
16079, 27531
16111, 27631
16031, 27731
16079, 27832
16023, 27932
16111, 28034
16175, 28134
16079, 28234
16079, 28335
16047, 28435
16079, 28536
16079, 28637
16143, 28737
16055, 28837
16111, 28938
16175, 29039
16287, 29139
16023, 29240
16207, 29340
16063, 29441
16079, 29542
16031, 29642
16079, 29743
16063, 29843
16191, 29943
16143, 30045
16111, 30145
16055, 30245
16143, 30346
16143, 30446
16079, 30547
16079, 30648
16175, 30748
15999, 30849
16031, 30949
16111, 31050
16175, 31151
16175, 31251
16063, 31351
16095, 31453
16079, 31553
16063, 31653
16111, 31754
16111, 31854
16063, 31955
16047, 32056
16143, 32156
16143, 32257
16175, 32357
16207, 32458
16143, 32559
16191, 32659
16031, 32759
16207, 32860
16143, 32961
16175, 33061
16143, 33162
16079, 33262
16191, 33362
16207, 33464
15999, 33564
16047, 33665
16063, 33765
16031, 33865
16111, 33967
16143, 34067
16111, 34167
16191, 34268
16111, 34368
16143, 34469
16111, 34570
16143, 34670
16111, 34770
16031, 34871
16143, 34972
16095, 35073
16079, 35173
16063, 35273
16031, 35375
16063, 35475
15935, 35575
16079, 35676
15935, 35776
15991, 35877
16019, 35978
16047, 36078
16111, 36178
16079, 36279
16063, 36380
15999, 36481
16063, 36581
16039, 36681
16079, 36782
16063, 36883
16031, 36983
16031, 37084
16079, 37184
16175, 37284
16095, 37386
16143, 37486
15951, 37586
16143, 37687
16047, 37787
16019, 37889
16111, 37989
16079, 38089
16143, 38190
16111, 38290
16079, 38391
16031, 38492
16079, 38592
16031, 38692
16143, 38794
16079, 38894
16063, 38994
16031, 39095
16143, 39195
16079, 39297
16207, 39397
16079, 39497
16031, 39598
16079, 39698
16143, 39799
16207, 39900
16111, 40000
16111, 40100
16175, 40201
15919, 40302
16143, 40402
16111, 40503
16079, 40603
16191, 40704
16175, 40805
16191, 40905
16111, 41006
16079, 41106
16207, 41206
16079, 41308
16143, 41408
16071, 41508
16079, 41609
16063, 41709
16191, 41810
16111, 41911
16055, 42011
16079, 42112
15935, 42212
16063, 42313
16023, 42414
16191, 42514
16143, 42614
16207, 42716
16063, 42816
16031, 42916
16143, 43017
16039, 43117
16063, 43218
16111, 43319
15951, 43419
16111, 43520
16063, 43620
16143, 43721
16031, 43822
16143, 43922
16143, 44022
16143, 44123
16079, 44224
16079, 44324
16047, 44425
16143, 44525
16143, 44625
16023, 44727
16111, 44827
16063, 44928
16191, 45028
16143, 45128
16063, 45230
16079, 45330
16047, 45430
16095, 45531
16047, 45631
16055, 45732
16047, 45833
16079, 45933
16079, 46033
16175, 46134
16095, 46235
16191, 46336
16191, 46436
16079, 46536
16079, 46637
16095, 46738
16143, 46838
16031, 46939
16023, 47039
16111, 47140
16063, 47241
16079, 47341
16079, 47441
16111, 47542
16143, 47643
16143, 47744
16111, 47844
16143, 47944
16207, 48045
16191, 48146
16079, 48246
16079, 48347
16079, 48447
16143, 48547
16207, 48649
16063, 48749
16175, 48849
16063, 48950
16175, 49050
16079, 49152
16175, 49252
15951, 49352
16111, 49453
16143, 49553
16079, 49654
16023, 49755
16111, 49855
16079, 49955
16079, 50056
16055, 50157
16143, 50257
16047, 50358
16019, 50458
16111, 50558
16079, 50660
16143, 50760
16063, 50861
16095, 50961
16079, 51061
16031, 51163
16111, 51263
16079, 51363
16079, 51464
16111, 51565
16079, 51665
16079, 51766
16143, 51866
16143, 51966
16143, 52068
16111, 52168
16143, 52269
16055, 52369
16079, 52469
16079, 52571
16111, 52671
16063, 52771
16143, 52872
16079, 52972
16023, 53073
16079, 53174
16031, 53274
16079, 53374
16063, 53475
16079, 53576
15935, 53677
16111, 53777
16095, 53877
16063, 53978
16111, 54079
16111, 54179
16079, 54280
16079, 54380
16143, 54480
16191, 54582
16111, 54682
16207, 54782
16079, 54883
16143, 54983
16111, 55085
16047, 55185
16111, 55285
16079, 55386
15999, 55487
15951, 55587
16031, 55688
16111, 55788
16063, 55888
16063, 55990
16111, 56090
16079, 56190
16143, 56291
16111, 56391
16143, 56493
15951, 56593
16063, 56693
16207, 56794
16191, 56894
16143, 56995
16143, 57096
16055, 57196
16207, 57296
16111, 57397
15951, 57498
16143, 57598
16143, 57699
16143, 57799
15999, 57900
16111, 58001
16031, 58101
15935, 58202
16031, 58302
16175, 58402
16079, 58504
16191, 58604
16111, 58704
16175, 58805
16287, 58906
16071, 59006
16047, 59107
15935, 59207
16055, 59308
16079, 59409
16079, 59509
16079, 59610
16207, 59710
16079, 59810
16207, 59912
16111, 60012
16111, 60112
16063, 60213
16111, 60313
16079, 60414
16143, 60515
16143, 60615
16207, 60716
16175, 60816
16287, 60917
16023, 61018
16063, 61118
16143, 61218
16143, 61319
16079, 61420
16255, 61520
15999, 61621
16111, 61721
16111, 61821
16143, 61923
15999, 62023
16063, 62124
16031, 62224
16079, 62324
16079, 62426
15999, 62526
16111, 62626
16055, 62727
16207, 62828
16031, 62928
16111, 63029
16079, 63129
16143, 63229
16063, 63331
16111, 63431
16143, 63532
16175, 63632
16191, 63732
16047, 63834
16063, 63934
16047, 64034
16111, 64135
16175, 64235
16063, 64336
16063, 64437
16079, 64537
16207, 64637
16207, 64738
16079, 64839
16207, 64940
16191, 65040
16143, 65140
15999, 65241
16079, 65342
16111, 65442
16207, 65543
16143, 65643
16207, 65743
16079, 65845
16063, 65945
16079, 66045
16079, 66146
16143, 66246
15999, 66348
16143, 66448
16143, 66548
16143, 66649
16175, 66750
16079, 66850
16143, 66951
16319, 67051
16143, 67151
16079, 67253
16059, 67353
16143, 67453
16191, 67554
16019, 67654
16175, 67756
16191, 67856
16143, 67956
16079, 68057
16111, 68157
15999, 68258
16063, 68359
16143, 68459
16175, 68559
16207, 68660
16079, 68761
16079, 68861
16063, 68962
16079, 69062
16047, 69163
16079, 69264
16111, 69364
16079, 69465
16111, 69565
16207, 69665
16175, 69767
16111, 69867
16079, 69967
16111, 70068
16079, 70169
16079, 70269
16143, 70370
16143, 70470
16191, 70571
16111, 70672
16031, 70772
16079, 70873
16111, 70973
16143, 71073
16143, 71175
16143, 71275
16059, 71375
15999, 71476
16063, 71576
16111, 71677
16079, 71778
16079, 71878
16143, 71979
16271, 72079
16143, 72180
16039, 72281
16063, 72381
16111, 72481
16191, 72582
16079, 72683
16111, 72783
16175, 72884
16143, 72984
16063, 73084
16143, 73186
16111, 73286
16063, 73387
16143, 73487
16079, 73587
16111, 73689
16111, 73789
16063, 73889
16079, 73990
16063, 74091
16191, 74191
16255, 74292
16191, 74392
16047, 74492
16111, 74594
16063, 74694
16175, 74795
16143, 74895
16095, 74995
16079, 75097
16079, 75197
16063, 75297
16023, 75398
16079, 75498
16031, 75599
16039, 75700
16143, 75800
16079, 75900
16079, 76001
15951, 76102
16143, 76203
16175, 76303
16079, 76403
16079, 76504
16175, 76605
16111, 76705
16143, 76806
16143, 76906
16063, 77006
16111, 77108
16079, 77208
15951, 77308
16023, 77409
16111, 77510
16079, 77611
16143, 77711
16079, 77811
16207, 77912
16079, 78013
16111, 78113
16143, 78214
16055, 78314
16063, 78414
16143, 78516
16031, 78616
16079, 78716
16143, 78817
16143, 78917
16111, 79019
16111, 79119
16079, 79219
16071, 79320
15951, 79420
16047, 79521
16143, 79622
16111, 79722
16079, 79822
15999, 79923
16111, 80024
16063, 80124
15951, 80225
16111, 80325
16143, 80425
16143, 80527
16079, 80627
16143, 80728
16191, 80828
16191, 80929
16079, 81030
16111, 81130
16079, 81230
16079, 81331
16207, 81432
16079, 81532
16079, 81633
16111, 81733
16143, 81833
16111, 81935
16175, 82035
16287, 82136
16079, 82236
16079, 82336
16175, 82438
16059, 82538
16055, 82638
16143, 82739
15999, 82839
15991, 82940
15935, 83041
16031, 83141
16175, 83241
15935, 83342
16111, 83443
16023, 83544
15951, 83644
16055, 83744
16111, 83845
16111, 83946
16111, 84046
16143, 84147
16111, 84247
16079, 84348
16143, 84449
16079, 84549
16191, 84649
15951, 84750
16055, 84851
16079, 84952
16175, 85052
16191, 85152
16111, 85253
16079, 85354
16111, 85454
16047, 85555
16063, 85655
16175, 85755
16079, 85857
16143, 85957
16175, 86057
16027, 86158
16111, 86258
15999, 86360
16111, 86460
16063, 86560
16055, 86661
16079, 86761
16111, 86862
16111, 86963
16063, 87063
16175, 87163
16111, 87264
16047, 87365
16143, 87465
16111, 87566
16079, 87666
16111, 87767
16055, 87868
16191, 87968
16063, 88069
15999, 88169
16019, 88270
16143, 88371
16143, 88471
16207, 88571
16023, 88672
16079, 88773
16287, 88873
16143, 88974
16079, 89074
16095, 89175
16207, 89276
15951, 89376
16111, 89477
16079, 89577
16143, 89677
16079, 89779
16079, 89879
16079, 89979
16079, 90080
16143, 90180
16079, 90281
16079, 90382
16143, 90482
16143, 90583
16055, 90683
16063, 90784
16031, 90885
16207, 90985
16079, 91085
16143, 91186
16175, 91287
16143, 91387
16207, 91488
16175, 91588
16175, 91688
16143, 91790
16143, 91890
16079, 91991
16063, 92091
16095, 92192
16047, 92293
16079, 92393
16079, 92493
16063, 92594
16031, 92695
16143, 92795
16143, 92896
16031, 92996
16111, 93096
16111, 93198
16055, 93298
15935, 93399
16175, 93499
16111, 93599
16079, 93701
16175, 93801
15999, 93901
15991, 94002
16111, 94102
16055, 94203
16063, 94304
16063, 94404
16063, 94504
16079, 94605
16175, 94706
16063, 94807
16079, 94907
16079, 95007
16079, 95108
16047, 95209
16063, 95309
16175, 95410
16111, 95510
16063, 95611
16079, 95712
16191, 95812
16207, 95912
16111, 96013
16031, 96114
16055, 96215
16175, 96315
16079, 96415
16175, 96516
16111, 96617
16111, 96717
16111, 96818
16255, 96918
16095, 97018
16063, 97120
16079, 97220
16111, 97320
16111, 97421
16079, 97521
16079, 97623
15951, 97723
16111, 97823
16111, 97924
16111, 98024
16111, 98125
16143, 98226
16143, 98326
16111, 98426
16143, 98527
16191, 98628
16143, 98728
16031, 98829
16143, 98929
16175, 99031
15935, 99131
16023, 99231
16079, 99332
16207, 99432
16175, 99533
16031, 99634
16143, 99734
16111, 99834
16143, 99935
16143, 100036
16031, 100136
16111, 100237
16207, 100337
16143, 100439
16175, 100539
16079, 100639
16079, 100740
16143, 100841
16111, 100941
16079, 101042
16143, 101142
16111, 101243
16079, 101344
16095, 101444
15999, 101544
16023, 101646
16175, 101746
16047, 101847
16191, 101947
16111, 102048
16207, 102149
16079, 102249
16175, 102349
16047, 102451
16063, 102551
16143, 102651
16079, 102753
16079, 102853
16143, 102953
16063, 103054
16079, 103155
16191, 103256
16055, 103356
16031, 103456
16111, 103558
16111, 103658
16079, 103758
16079, 103859
16143, 103960
16143, 104060
16175, 104161
16111, 104261
16047, 104363
16191, 104463
16111, 104563
16063, 104664
16175, 104765
16079, 104865
15951, 104966
16079, 105066
16047, 105167
16191, 105268
16111, 105368
16063, 105468
16031, 105570
16255, 105670
16303, 105771
16079, 105871
16111, 105972
16111, 106073
16175, 106173
16055, 106273
16111, 106375
16111, 106475
16207, 106575
16031, 106676
16079, 106777
16079, 106877
16111, 106978
16143, 107079
16063, 107180
16079, 107280
16143, 107380
16079, 107482
16079, 107582
16031, 107682
16175, 107783
16143, 107884
16079, 107984
16095, 108085
16207, 108185
16079, 108286
16079, 108387
16175, 108487
16055, 108588
16143, 108689
16023, 108789
16191, 108890
16111, 108990
16055, 109091
16111, 109192
15999, 109292
16191, 109392
16031, 109494
16191, 109594
16063, 109694
16175, 109795
16079, 109896
16079, 109997
16175, 110097
16079, 110197
16143, 110299
16031, 110399
16039, 110499
16079, 110600
16063, 110701
16063, 110801
16111, 110902
16207, 111003
16079, 111104
16191, 111204
16207, 111304
16143, 111406
16175, 111506
16071, 111606
16031, 111707
16143, 111808
16079, 111908
16079, 112009
16079, 112109
16079, 112210
16079, 112311
16175, 112411
16191, 112512
15951, 112613
16111, 112713
16079, 112814
16143, 112914
16111, 113015
16143, 113116
16207, 113216
16111, 113316
16063, 113418
16255, 113518
16063, 113618
16079, 113719
16111, 113820
16207, 113921
16079, 114021
16055, 114121
16111, 114223
15951, 114323
16079, 114423
16031, 114524
16063, 114625
16207, 114725
16111, 114826
16023, 114927
16031, 115027
16111, 115128
16175, 115228
16143, 115330
16207, 115430
16143, 115530
16079, 115631
16175, 115732
16143, 115832
16079, 115933
15935, 116033
16207, 116134
16143, 116235
16143, 116335
16111, 116435
16175, 116537
16063, 116637
16055, 116738
16191, 116838
15951, 116939
16023, 117040
16143, 117140
16111, 117240
15951, 117342
16079, 117442
16287, 117542
15999, 117643
16207, 117744
16191, 117844
16143, 117945
16111, 118045
16039, 118147
16143, 118247
16079, 118347
16111, 118448
16079, 118549
16175, 118649
16047, 118750
16111, 118851
16191, 118951
16079, 119052
16063, 119152
16063, 119254
16191, 119354
16063, 119454
16191, 119555
16143, 119656
16111, 119756
16047, 119857
16111, 119957
16175, 120058
16031, 120159
16111, 120259
16111, 120359
16111, 120461
16095, 120561
15999, 120662
16143, 120762
16143, 120863
16111, 120964
16207, 121064
16111, 121164
16191, 121266
16079, 121366
16143, 121466
16143, 121567
16191, 121668
16143, 121768
16111, 121869
16079, 121970
16143, 122071
16079, 122171
16079, 122271
16055, 122373
16079, 122473
16023, 122573
16079, 122674
16191, 122775
16143, 122875
16079, 122976
16143, 123076
16031, 123177
15999, 123278
16031, 123378
16063, 123479
16031, 123580
15951, 123680
16207, 123781
16063, 123881
16079, 123982
16063, 124083
16079, 124183
16079, 124283
15951, 124385
16255, 124485
16055, 124585
16143, 124686
16079, 124787
16031, 124888
16079, 124988
16111, 125088
16047, 125190
16079, 125290
16111, 125390
15999, 125491
16019, 125592
16143, 125692
16111, 125793
16031, 125894
16079, 125995
16191, 126095
16111, 126195
16143, 126297
16143, 126397
16079, 126497
16191, 126598
16063, 126699
16111, 126799
16143, 126900
16111, 127000
16055, 127101
16079, 127202
16143, 127302
16079, 127403
16175, 127504
16207, 127604
16191, 127705
16143, 127805
16207, 127906
16079, 128007
16143, 128107
16019, 128207
16079, 128309
16079, 128409
16079, 128509
16111, 128610
16079, 128711
16111, 128812
16063, 128912
16079, 129012
16031, 129114
16079, 129214
16079, 129314
16063, 129416
16191, 129516
16079, 129616
16079, 129717
16079, 129818
16143, 129918
16079, 130019
16071, 130119
16175, 130221
16055, 130321
16111, 130421
16111, 130522
16111, 130623
16111, 130723
16175, 130824
16063, 130924
16143, 131025
16039, 131126
15999, 131226
16175, 131326
16019, 131428
16079, 131528
16079, 131629
16079, 131729
16303, 131830
16079, 131931
16079, 132031
16063, 132131
16111, 132233
16111, 132333
16063, 132433
16079, 132534
16111, 132635
16191, 132736
16079, 132836
16143, 132937
16191, 133038
16207, 133138
15999, 133238
16143, 133340
16079, 133440
16111, 133540
16111, 133641
16207, 133742
16079, 133842
16111, 133943
16255, 134043
16191, 134145
16143, 134245
16047, 134345
16143, 134446
16079, 134547
16143, 134647
16191, 134748
16031, 134848
16095, 134949
16143, 135050
16111, 135150
16079, 135250
16079, 135352
16143, 135452
16059, 135553
16111, 135653
15887, 135754
15999, 135855
16143, 135955
16031, 136055
16207, 136157
16175, 136257
16175, 136357
16095, 136458
16055, 136559
16079, 136659
16031, 136760
15999, 136860
16175, 136962
16111, 137062
16207, 137162
16039, 137264
16111, 137364
16079, 137464
16111, 137565
16111, 137666
16079, 137766
16079, 137867
16191, 137967
15951, 138068
16079, 138169
16063, 138269
16143, 138370
16255, 138471
16191, 138571
16079, 138672
16111, 138772
16111, 138873
16079, 138974
16191, 139074
16055, 139174
16079, 139276
15951, 139376
16063, 139476
16079, 139577
16079, 139678
16143, 139779
16047, 139879
16079, 139979
16079, 140081
16079, 140181
16111, 140281
16079, 140382
16111, 140483
16191, 140583
16111, 140684
16143, 140785
16079, 140886
16111, 140986
16063, 141086
15999, 141188
16079, 141288
16079, 141388
16079, 141489
16143, 141590
16079, 141690
16055, 141791
16255, 141891
16175, 141992
16207, 142093
16079, 142193
16063, 142294
16143, 142395
16063, 142495
16143, 142596
16031, 142696
16143, 142797
16079, 142898
16079, 142998
16143, 143098
16335, 143200
16079, 143300
16143, 143400
16111, 143501
16175, 143602
16143, 143703
16047, 143803
16143, 143904
16055, 144005
16143, 144105
16111, 144205
16175, 144307
16207, 144407
16175, 144507
16063, 144608
16063, 144709
16175, 144809
16111, 144910
16111, 145010
16111, 145112
16079, 145212
16079, 145312
16143, 145413
16079, 145514
16191, 145614
16079, 145715
16143, 145815
16063, 145916
16055, 146017
16255, 146117
16143, 146217
16175, 146319
16055, 146419
16111, 146520
16023, 146620
16079, 146721
16063, 146822
16143, 146922
16079, 147022
16111, 147124
16143, 147224
16063, 147324
16031, 147425
16143, 147526
16111, 147627
16047, 147727
16175, 147828
16111, 147929
16143, 148029
16079, 148129
16255, 148231
15951, 148331
16023, 148431
16143, 148532
16191, 148633
16079, 148733
16079, 148834
16031, 148934
16111, 149036
16143, 149136
16143, 149236
16079, 149337
16079, 149438
16191, 149538
16111, 149639
16175, 149739
15999, 149840
16207, 149941
16143, 150041
16079, 150141
16079, 150243
16063, 150343
16175, 150444
16111, 150544
16111, 150645
16055, 150746
16111, 150846
16079, 150946
16079, 151048
16111, 151148
16111, 151248
16079, 151349
15951, 151450
16191, 151550
16063, 151651
16111, 151752
15999, 151853
16063, 151953
16063, 152053
16055, 152155
16143, 152255
16063, 152355
16143, 152456
16095, 152557
16055, 152657
16143, 152758
16079, 152858
16143, 152960
16111, 153060
16143, 153160
16063, 153261
16079, 153362
16063, 153462
16111, 153563
16143, 153663
16039, 153764
16079, 153865
16175, 153965
16079, 154065
16079, 154167
16031, 154267
16079, 154368
16079, 154468
16143, 154569
16079, 154670
16191, 154770
16207, 154871
16143, 154972
16191, 155072
16063, 155172
16079, 155274
16079, 155374
16111, 155474
16079, 155575
16055, 155676
16143, 155777
16111, 155877
16111, 155977
16079, 156079
16111, 156179
16079, 156279
16079, 156380
15999, 156481
16207, 156581
16111, 156682
16207, 156782
16059, 156883
16111, 156984
16079, 157084
15951, 157185
15951, 157286
16143, 157386
15991, 157487
16191, 157587
16079, 157688
16031, 157789
16207, 157889
16191, 157989
16143, 158091
16143, 158191
15999, 158291
16079, 158393
16111, 158493
16079, 158594
15951, 158694
16207, 158795
16207, 158896
15951, 158996
16079, 159096
16079, 159198
16143, 159298
16031, 159398
16143, 159499
16079, 159600
16111, 159700
16111, 159801
16023, 159901
16079, 160003
16111, 160103
15999, 160203
16143, 160304
16111, 160405
16079, 160505
16047, 160606
16079, 160706
16047, 160807
16111, 160908
16079, 161008
16063, 161108
16143, 161210
16055, 161310
16255, 161411
16143, 161511
16111, 161612
16175, 161713
16111, 161813
16079, 161914
16191, 162015
16175, 162115
16047, 162215
16143, 162317
16175, 162417
16047, 162518
16143, 162618
16031, 162719
16111, 162820
16079, 162920
16079, 163020
16063, 163122
16023, 163222
16071, 163322
16111, 163423
16079, 163524
16079, 163624
16063, 163725
16079, 163825
16063, 163927
16039, 164027
16175, 164127
16079, 164228
15887, 164329
16175, 164429
16175, 164530
16079, 164630
16079, 164731
16079, 164832
16207, 164932
16143, 165032
16143, 165134
16207, 165234
16031, 165335
16111, 165435
16031, 165536
16063, 165637
16207, 165737
15887, 165838
16191, 165939
16079, 166039
16207, 166139
16079, 166241
16111, 166341
16063, 166441
16111, 166542
16287, 166643
16111, 166744
16031, 166844
16111, 166944
16143, 167046
16143, 167146
16019, 167246
16143, 167347
16079, 167448
16079, 167548
16111, 167649
16143, 167749
15935, 167851
16063, 167951
15935, 168051
16031, 168152
16143, 168253
16143, 168353
16079, 168454
16079, 168554
15951, 168655
16079, 168756
16175, 168856
16143, 168956
16079, 169058
16175, 169158
16191, 169259
16079, 169359
16207, 169460
16207, 169561
16111, 169661
16079, 169761
16175, 169863
15999, 169963
16175, 170063
16047, 170165
16143, 170265
16143, 170365
16063, 170466
16143, 170567
16207, 170668
16031, 170768
16191, 170868
15999, 170970
15999, 171070
16143, 171170
16079, 171271
16023, 171372
16031, 171472
16175, 171573
16031, 171673
16063, 171774
16111, 171875
16055, 171975
16063, 172076
16175, 172177
16207, 172277
16079, 172378
16079, 172478
16079, 172579
16055, 172680
16191, 172780
16079, 172880
16335, 172982
16175, 173082
16143, 173182
16175, 173283
16111, 173384
16143, 173485
16079, 173585
16031, 173686
16031, 173787
16063, 173887
15951, 173987
15991, 174089
16031, 174189
16175, 174289
16047, 174390
16207, 174491
16063, 174592
16079, 174692
16111, 174792
16207, 174894
16111, 174994
16255, 175094
16111, 175195
16191, 175296
16143, 175396
16079, 175497
16079, 175597
16143, 175698
16055, 175799
16023, 175899
16079, 176000
15951, 176101
16143, 176201
16079, 176302
16111, 176402
16079, 176503
16111, 176604
15999, 176704
15999, 176804
16191, 176906
16207, 177006
16143, 177106
16111, 177207
16111, 177308
16079, 177409
16079, 177509
16111, 177610
16079, 177711
16055, 177811
16191, 177911
16143, 178013
16079, 178113
16079, 178213
16063, 178314
16111, 178415
16079, 178515
16111, 178616
16143, 178716
16175, 178818
16047, 178918
16207, 179018
16191, 179119
16143, 179220
16079, 179320
16055, 179421
16191, 179521
16191, 179622
16111, 179723
16207, 179823
16175, 179923
16111, 180025
16191, 180125
16111, 180226
16079, 180326
16079, 180427
16031, 180528
16079, 180628
16191, 180728
16079, 180830
16079, 180930
16191, 181030
16079, 181132
16063, 181232
16055, 181332
16079, 181433
16079, 181534
16031, 181635
16111, 181735
16143, 181835
16207, 181937
16063, 182037
16111, 182137
15887, 182238
16111, 182339
16303, 182439
16111, 182540
16143, 182640
16191, 182742
16175, 182842
16019, 182942
16031, 183043
16079, 183144
16175, 183244
16111, 183345
16079, 183445
16079, 183546
16079, 183647
16111, 183747
16191, 183847
16111, 183949
16019, 184049
16063, 184150
16079, 184250
16143, 184351
16207, 184452
16063, 184552
16191, 184653
16143, 184754
16023, 184854
16287, 184954
16143, 185056
16079, 185156
16019, 185256
15999, 185357
16063, 185458
16047, 185559
16143, 185659
16303, 185759
16143, 185861
16175, 185961
16143, 186061
16063, 186162
16079, 186263
16191, 186363
16031, 186464
16111, 186564
16207, 186665
16207, 186766
16063, 186866
16191, 186967
16079, 187068
16079, 187168
16111, 187269
16079, 187369
16191, 187470
16143, 187571
16175, 187671
15999, 187771
16079, 187873
16111, 187973
16111, 188073
16079, 188174
16175, 188275
16143, 188376
16031, 188476
16079, 188577
16063, 188678
16079, 188778
16079, 188878
16111, 188980
16111, 189080
16143, 189180
16079, 189281
16079, 189382
15999, 189483
16079, 189583
16143, 189683
16143, 189785
16111, 189885
16079, 189985
16047, 190086
15951, 190187
16019, 190287
16175, 190388
16111, 190488
16023, 190589
16079, 190690
16175, 190790
16031, 190891
16111, 190992
16111, 191092
16191, 191193
16207, 191293
16079, 191394
16143, 191495
16031, 191595
16079, 191696
16111, 191797
16111, 191897
16143, 191997
16031, 192099
16079, 192199
16143, 192300
16175, 192400
16047, 192501
16111, 192602
16031, 192702
16079, 192802
16063, 192904
16063, 193004
16055, 193104
16111, 193205
16079, 193306
16079, 193406
16079, 193507
16047, 193607
16143, 193709
16055, 193809
16079, 193909
16111, 194010
16111, 194111
16063, 194211
15999, 194312
15951, 194412
16079, 194513
16063, 194614
16071, 194714
16031, 194814
16143, 194916
16143, 195016
16111, 195117
16143, 195217
16095, 195318
16143, 195419
16143, 195519
16063, 195620
16143, 195721
16255, 195821
16143, 195921
16079, 196023
16095, 196123
16143, 196224
16079, 196324
16111, 196425
16143, 196526
16063, 196626
16111, 196726
16063, 196828
16175, 196928
16079, 197028
16079, 197129
16055, 197230
16111, 197330
16191, 197431
16143, 197531
16063, 197633
16111, 197733
16079, 197833
16143, 197934
16111, 198035
16207, 198135
16143, 198236
16143, 198336
16079, 198437
16079, 198538
16207, 198638
16063, 198739
16175, 198840
16079, 198940
16079, 199041
16079, 199142
16055, 199242
16111, 199343
16079, 199443
15991, 199544
16079, 199645
15935, 199745
16063, 199845
16063, 199947
16063, 200047
16047, 200147
16143, 200248
16143, 200349
16055, 200450
16063, 200550
16079, 200650
16079, 200752
16079, 200852
16079, 200952
16079, 201053
16019, 201154
16111, 201254
16111, 201355
15951, 201455
16079, 201556
16207, 201657
15951, 201757
16079, 201858
16079, 201959
16143, 202059
16143, 202160
16175, 202261
16055, 202361
16079, 202462
16079, 202562
16079, 202663
16143, 202764
16047, 202864
16207, 202964
16111, 203066
15999, 203166
16191, 203267
16079, 203367
16079, 203468
16143, 203569
16143, 203669
16079, 203769
16111, 203871
16175, 203971
15999, 204071
16063, 204172
16079, 204273
16111, 204374
16255, 204474
16079, 204574
16079, 204676
16191, 204776
16055, 204876
16055, 204977
16111, 205078
16031, 205178
16143, 205279
16047, 205379
16019, 205480
16143, 205581
16079, 205681
16079, 205782
16079, 205883
16079, 205983
16191, 206084
16055, 206185
16207, 206285
16191, 206386
16079, 206486
16031, 206587
16079, 206688
16031, 206788
16191, 206888
16191, 206990
16079, 207090
16079, 207191
16079, 207291
16079, 207392
16079, 207493
16079, 207593
16143, 207693
16063, 207795
16079, 207895
16079, 207995
16175, 208096
16079, 208197
15951, 208297
16143, 208398
16079, 208498
16055, 208600
16143, 208700
15999, 208800
16079, 208901
16207, 209002
16111, 209102
15951, 209203
16047, 209303
16031, 209404
16055, 209505
16079, 209605
16111, 209705
16175, 209807
16143, 209907
16111, 210008
16143, 210109
16207, 210209
16079, 210310
16111, 210410
16063, 210511
16207, 210612
16111, 210712
15999, 210812
16095, 210914
16063, 211014
16207, 211115
16143, 211215
16063, 211316
16111, 211417
16143, 211517
16063, 211617
16079, 211719
16031, 211819
16191, 211919
16079, 212020
16191, 212121
16143, 212221
16191, 212322
16175, 212422
16111, 212524
16063, 212624
16143, 212724
16175, 212825
16111, 212926
16255, 213026
16055, 213127
16111, 213227
16143, 213328
16079, 213429
16207, 213529
16079, 213629
16143, 213731
16143, 213831
16287, 213932
16055, 214033
16143, 214133
16111, 214234
16047, 214334
16063, 214435
16175, 214536
16079, 214636
16047, 214736
16143, 214838
16111, 214938
16175, 215038
16079, 215139
16055, 215240
16095, 215341
16175, 215441
16143, 215541
16143, 215643
16111, 215743
16111, 215843
16143, 215944
16143, 216045
16111, 216145
16063, 216246
16111, 216346
16023, 216448
16047, 216548
16143, 216648
16191, 216749
16063, 216850
16079, 216950
16111, 217051
16111, 217151
16079, 217252
16175, 217353
16191, 217453
16063, 217554
16063, 217655
16191, 217755
16055, 217856
16271, 217957
16175, 218057
16175, 218158
16079, 218258
16079, 218359
16047, 218460
15999, 218560
16143, 218660
16143, 218762
16079, 218862
16111, 218962
16079, 219063
16047, 219164
16143, 219265
16207, 219365
16039, 219465
16079, 219567
16111, 219667
16143, 219767
16111, 219868
16111, 219969
16143, 220069
16143, 220170
16079, 220270
16023, 220371
16143, 220472
16063, 220572
16191, 220673
16063, 220774
16111, 220874
16079, 220975
16111, 221075
16019, 221176
16143, 221277
16079, 221377
16191, 221478
16143, 221579
16111, 221679
16175, 221779
15951, 221881
16143, 221981
16079, 222082
16143, 222182
16111, 222283
16111, 222384
16175, 222484
16111, 222584
16175, 222686
16111, 222786
16031, 222886
16031, 222987
16079, 223088
16031, 223188
16111, 223289
15951, 223389
16047, 223491
16079, 223591
16143, 223691
16287, 223792
16143, 223893
16031, 223993
16207, 224094
15999, 224194
16047, 224295
16143, 224396
16039, 224496
16079, 224596
16055, 224698
16079, 224798
16191, 224899
16143, 225000
16143, 225100
16111, 225201
16111, 225301
16191, 225402
16063, 225503
16031, 225603
16143, 225703
16143, 225805
16143, 225905
16111, 226006
16111, 226106
16031, 226207
16063, 226308
16059, 226408
16055, 226508
16079, 226610
16111, 226710
16031, 226810
16207, 226911
16047, 227012
16063, 227112
16111, 227213
16143, 227313
16079, 227415
16079, 227515
16079, 227615
16191, 227716
16063, 227817
16143, 227917
16207, 228018
16111, 228118
15999, 228219
16143, 228320
16143, 228420
16079, 228520
16063, 228622
16079, 228722
16191, 228823
16143, 228924
16079, 229024
16111, 229125
16143, 229225
16059, 229326
16143, 229427
16191, 229527
16055, 229627
16079, 229729
16111, 229829
16111, 229929
16143, 230030
16143, 230131
16019, 230232
16143, 230332
16031, 230432
16207, 230534
16023, 230634
16111, 230734
16111, 230835
16079, 230936
16063, 231036
16143, 231137
16143, 231237
16031, 231339
16079, 231439
16111, 231539
16191, 231640
16079, 231741
16079, 231841
16079, 231942
16055, 232042
16079, 232143
16111, 232244
16059, 232344
16111, 232445
16063, 232546
15951, 232646
16191, 232747
16079, 232848
16143, 232948
16191, 233049
16079, 233149
16063, 233250
16063, 233351
16207, 233451
16023, 233551
16207, 233653
16079, 233753
16111, 233853
16111, 233954
16111, 234055
16111, 234156
16175, 234256
15951, 234356
16079, 234458
16143, 234558
16079, 234658
16143, 234759
16191, 234860
16111, 234960
16175, 235061
16079, 235161
15999, 235262
16023, 235363
16143, 235463
16047, 235564
16095, 235665
16059, 235765
16143, 235866
16031, 235967
16111, 236067
16079, 236168
16047, 236268
16191, 236369
16079, 236470
16143, 236570
16191, 236670
16019, 236772
16207, 236872
16143, 236973
16079, 237073
16111, 237174
16143, 237275
16175, 237375
16207, 237475
16079, 237577
16079, 237677
16079, 237777
16079, 237878
15999, 237979
16079, 238080
16059, 238180
16143, 238280
16111, 238382
16191, 238482
16191, 238582
16047, 238683
16143, 238784
16079, 238884
16143, 238985
16079, 239086
16079, 239186
16175, 239287
15951, 239387
16079, 239489
16047, 239589
16111, 239689
16287, 239790
16079, 239891
16079, 239991
16111, 240092
16111, 240192
16063, 240293
16143, 240394
16111, 240494
16079, 240594
16191, 240696
16079, 240796
16143, 240897
16143, 240997
16079, 241098
16023, 241199
16207, 241299
16111, 241399
16079, 241501
