019, 604522
16055, 604622
16023, 604723
16031, 604824
16055, 604924
16079, 605025
604220
16019, 604320
16143, 604422
16019, 604522
16055, 604622
16023, 604723
16031, 604824
16055, 604924
16079, 605025
604220
16019, 604320
16143, 604422
16019, 604522
16055, 604622
16023, 604723
16031, 604824
16055, 604924
16079, 605025
16255, 1087
16207, 1187
16111, 1288
16207, 1388
16079, 1488
16023, 1589
16079, 1690
16111, 1790
16079, 1891
16175, 1991
16063, 2092
15911, 2192
16079, 2293
16111, 2394
16191, 2494
16063, 2594
16023, 2695
16111, 2795
16143, 2896
16079, 2997
16111, 3097
16063, 3197
16063, 3298
16079, 3398
16143, 3500
16143, 3600
16055, 3700
16027, 3801
16079, 3901
16143, 4001
16111, 4102
16047, 4203
16031, 4303
16063, 4404
16111, 4504
16111, 4604
16111, 4705
16111, 4806
16063, 4907
16079, 5007
16207, 5107
16063, 5208
16111, 5308
16079, 5409
16019, 5510
16143, 5610
16255, 5710
16191, 5811
16143, 5911
16079, 6012
16111, 6113
15999, 6213
16175, 6313
16111, 6414
16063, 6514
16031, 6615
16079, 6716
16111, 6816
16079, 6917
16191, 7017
16059, 7117
16111, 7218
16063, 7319
16095, 7419
16079, 7520
16047, 7620
16111, 7720
16031, 7821
16143, 7922
15935, 8023
16079, 8123
16063, 8223
16079, 8324
16143, 8424
16143, 8525
16055, 8626
16079, 8726
16079, 8826
16063, 8927
15999, 9027
16143, 9128
16143, 9229
16207, 9329
16079, 9430
16111, 9530
16079, 9630
16175, 9731
16143, 9832
16111, 9932
16111, 10033
16255, 10133
16207, 10233
16111, 10335
16175, 10435
16175, 10535
16079, 10636
16047, 10736
16079, 10838
16031, 10938
16055, 11038
16055, 11139
16063, 11239
16079, 11340
16063, 11441
16143, 11541
16063, 11641
16031, 11742
16031, 11843
16019, 11943
16079, 12044
15951, 12144
16111, 12244
16175, 12346
16111, 12446
16143, 12547
16143, 12647
16023, 12747
16143, 12849
16175, 12949
16079, 13049
16271, 13150
16055, 13251
16079, 13351
16111, 13452
16143, 13552
16079, 13652
16111, 13754
16111, 13854
16063, 13955
16191, 14055
16143, 14155
16063, 14257
16111, 14357
15999, 14457
16143, 14558
16143, 14658
16023, 14759
16019, 14860
16191, 14960
16207, 15060
16191, 15161
16143, 15262
16175, 15363
16079, 15463
16191, 15563
16191, 15664
16095, 15765
16095, 15865
16191, 15966
16079, 16066
16079, 16166
16207, 16268
16143, 16368
16143, 16468
16271, 16569
16303, 16669
16191, 16771
16191, 16871
16143, 16971
16143, 17072
16047, 17172
15951, 17273
16031, 17374
16063, 17474
16047, 17574
16191, 17676
16191, 17776
16175, 17876
16079, 17977
16063, 18077
15951, 18179
16079, 18279
16063, 18379
16143, 18480
16207, 18580
16111, 18681
15991, 18782
16207, 18882
16143, 18982
16111, 19083
16111, 19184
16079, 19284
16175, 19385
16111, 19485
16079, 19586
16079, 19687
16047, 19787
16079, 19888
16143, 19988
16063, 20088
16055, 20190
16175, 20290
16079, 20390
16143, 20491
16095, 20591
16063, 20692
16191, 20793
16143, 20893
16111, 20994
15991, 21094
16191, 21195
16079, 21296
16143, 21396
16095, 21496
16079, 21598
16079, 21698
16191, 21798
16143, 21899
16175, 21999
16055, 22100
16111, 22201
16111, 22301
16207, 22402
16023, 22502
16207, 22603
16031, 22704
16079, 22804
16039, 22904
16063, 23005
16063, 23106
16063, 23206
16079, 23307
16271, 23407
16111, 23507
16111, 23609
16031, 23709
16191, 23810
16191, 23910
16079, 24010
16079, 24112
16111, 24212
16191, 24312
16063, 24413
16079, 24513
16111, 24614
16143, 24715
16079, 24815
16111, 24915
16191, 25016
16079, 25117
16063, 25218
16143, 25318
16063, 25418
15951, 25520
16111, 25620
16207, 25720
15935, 25821
16063, 25921
16031, 26022
16111, 26123
16175, 26223
16207, 26323
16207, 26424
16191, 26525
16111, 26626
16111, 26726
16063, 26826
16111, 26927
16143, 27028
16019, 27128
16023, 27229
16111, 27329
16111, 27429
16111, 27531
16143, 27631
16079, 27731
16063, 27832
16175, 27932
16175, 28034
16079, 28134
16111, 28234
15999, 28335
16079, 28435
16079, 28536
16143, 28637
16055, 28737
16079, 28837
16143, 28938
16055, 29039
16335, 29139
16031, 29240
16063, 29340
16111, 29441
16143, 29542
16143, 29642
16079, 29743
16207, 29843
16175, 29944
16079, 30045
16175, 30145
16175, 30245
16143, 30346
16191, 30447
16111, 30547
16175, 30648
16079, 30748
16079, 30849
16207, 30950
16175, 31050
16111, 31151
16143, 31251
16023, 31351
16175, 31453
16079, 31553
16079, 31653
16191, 31754
16191, 31854
16111, 31955
16063, 32056
16079, 32156
16207, 32257
16079, 32357
15951, 32458
16271, 32559
16079, 32659
16079, 32759
16079, 32860
16143, 32961
16143, 33061
16031, 33162
16111, 33262
16031, 33362
16079, 33464
16055, 33564
16079, 33665
16111, 33765
16079, 33866
16079, 33967
16063, 34067
16079, 34167
16111, 34268
16207, 34369
15999, 34469
16143, 34570
16175, 34670
16175, 34770
16079, 34872
16079, 34972
16191, 35073
16143, 35173
16023, 35273
16079, 35375
16191, 35475
16047, 35575
16111, 35676
16079, 35776
16079, 35877
16079, 35978
16207, 36078
16111, 36178
16111, 36279
16079, 36380
16079, 36481
16031, 36581
16079, 36681
16143, 36782
16111, 36883
16047, 36983
16079, 37084
16143, 37184
16031, 37284
16079, 37386
16047, 37486
16143, 37586
16207, 37687
16079, 37788
16063, 37889
16111, 37989
16143, 38089
16175, 38190
16063, 38291
16063, 38391
16063, 38492
16207, 38592
16063, 38692
16111, 38794
16055, 38894
16111, 38994
16111, 39095
16255, 39195
16175, 39297
16143, 39397
16143, 39497
16079, 39598
16143, 39698
16079, 39799
16031, 39900
16143, 40000
16111, 40100
15999, 40201
16111, 40302
16111, 40402
16111, 40503
16079, 40603
16175, 40704
16079, 40805
16079, 40905
16191, 41006
16079, 41106
16143, 41207
16175, 41308
16063, 41408
16111, 41508
16207, 41609
16079, 41710
16079, 41810
16143, 41911
16111, 42011
16079, 42112
16175, 42213
16079, 42313
16111, 42414
16079, 42514
16207, 42614
16079, 42716
15999, 42816
16079, 42916
16079, 43017
16055, 43117
16111, 43218
16143, 43319
16207, 43419
16143, 43520
16079, 43620
16111, 43721
16079, 43822
16019, 43922
16207, 44022
16111, 44123
16143, 44224
16079, 44324
16095, 44425
16143, 44525
16055, 44625
16143, 44727
16079, 44827
16111, 44928
16207, 45028
16191, 45129
16079, 45230
16079, 45330
16191, 45430
16063, 45531
16019, 45632
16023, 45732
16055, 45833
16079, 45933
16143, 46033
16079, 46135
16143, 46235
16191, 46336
16055, 46436
16063, 46536
16111, 46638
16143, 46738
16079, 46838
16175, 46939
16111, 47039
16255, 47140
16207, 47241
16111, 47341
16031, 47441
16031, 47542
16079, 47643
16079, 47744
15951, 47844
16031, 47944
16143, 48045
16175, 48146
16095, 48246
16019, 48347
16063, 48447
16063, 48547
16031, 48649
16079, 48749
15935, 48849
16063, 48950
15999, 49051
16079, 49152
16047, 49252
16175, 49352
16207, 49453
16143, 49554
16063, 49654
16175, 49755
16059, 49855
16095, 49955
16191, 50057
16111, 50157
16111, 50257
16079, 50358
16143, 50458
16287, 50560
16063, 50660
16191, 50760
16047, 50861
16063, 50961
16143, 51062
16079, 51163
16031, 51263
16023, 51363
15951, 51464
16143, 51565
16111, 51665
16063, 51766
16143, 51866
16191, 51966
16191, 52068
16175, 52168
16191, 52269
16111, 52369
16143, 52469
16063, 52571
16111, 52671
16079, 52771
16079, 52872
16175, 52972
16079, 53073
16079, 53174
16063, 53274
16143, 53374
16063, 53476
16079, 53576
16207, 53677
16031, 53777
16079, 53877
16031, 53979
16191, 54079
16079, 54179
16207, 54280
16111, 54380
16271, 54481
16059, 54582
16207, 54682
16063, 54782
16063, 54883
16143, 54984
16111, 55085
16031, 55185
16063, 55285
16175, 55386
16143, 55487
16063, 55587
16079, 55688
16191, 55788
16207, 55888
16207, 55990
16111, 56090
16079, 56190
16079, 56291
16207, 56391
16111, 56493
16063, 56593
16111, 56693
16031, 56794
16111, 56894
16055, 56995
16207, 57096
16143, 57196
16079, 57296
16079, 57398
16207, 57498
16079, 57598
16079, 57699
16207, 57799
16191, 57901
16019, 58001
16111, 58101
16111, 58202
16111, 58302
16079, 58403
16111, 58504
16111, 58604
16111, 58704
16143, 58805
16143, 58906
16111, 59006
16143, 59107
15951, 59207
15999, 59308
16079, 59409
16047, 59509
16143, 59610
16287, 59710
16111, 59810
15951, 59912
16079, 60012
16079, 60112
16191, 60213
16111, 60313
16079, 60414
16191, 60515
16079, 60615
16255, 60716
16175, 60816
16191, 60917
16111, 61018
16079, 61118
15951, 61218
16143, 61320
16255, 61420
16063, 61520
16143, 61621
16079, 61721
16175, 61822
16143, 61923
16175, 62023
16111, 62124
16207, 62224
16079, 62325
16111, 62426
16143, 62526
16111, 62626
16143, 62727
16207, 62828
16191, 62928
16019, 63029
16079, 63129
16111, 63229
16079, 63331
16079, 63431
16111, 63532
16143, 63632
16079, 63732
16079, 63834
16143, 63934
16143, 64034
16207, 64135
16143, 64235
16059, 64336
16063, 64437
16023, 64537
15951, 64637
16079, 64739
16111, 64839
16191, 64940
16175, 65040
16079, 65140
16191, 65242
16191, 65342
16111, 65442
16175, 65543
15951, 65643
16079, 65744
16063, 65845
15951, 65945
16175, 66045
16055, 66146
16207, 66247
16143, 66348
16023, 66448
15951, 66548
15887, 66649
16063, 66750
16111, 66850
16143, 66951
16079, 67051
16175, 67151
16191, 67253
16255, 67353
16255, 67453
16111, 67554
16207, 67654
16079, 67756
15911, 67856
16191, 67956
16111, 68057
16079, 68157
16207, 68258
16063, 68359
16063, 68459
16175, 68559
16079, 68661
16059, 68761
16023, 68861
16055, 68962
16079, 69062
16079, 69164
16063, 69264
16047, 69364
15999, 69465
16047, 69565
16191, 69666
16191, 69767
16111, 69867
16055, 69967
16063, 70068
16111, 70169
16079, 70269
15951, 70370
16111, 70470
16079, 70571
15935, 70672
16111, 70772
16111, 70873
16143, 70973
16079, 71073
16023, 71175
16143, 71275
15999, 71375
16143, 71476
16079, 71576
16063, 71677
15999, 71778
16111, 71878
16143, 71979
16335, 72079
16079, 72180
16079, 72281
16143, 72381
16207, 72481
16079, 72583
16207, 72683
16047, 72783
16207, 72884
16079, 72984
16079, 73085
16175, 73186
16063, 73286
16143, 73387
16111, 73487
16023, 73588
16031, 73689
16143, 73789
16143, 73889
16079, 73990
16055, 74091
16023, 74191
16027, 74292
16143, 74392
16111, 74492
16111, 74594
15999, 74694
16143, 74795
16175, 74895
16063, 74995
16207, 75097
16047, 75197
15951, 75297
16047, 75398
16143, 75499
16143, 75599
16207, 75700
16063, 75800
16063, 75900
16063, 76002
16143, 76102
16079, 76203
15999, 76303
16143, 76403
16079, 76505
16079, 76605
16143, 76705
16207, 76806
16019, 76906
16059, 77007
16207, 77108
16079, 77208
16207, 77308
16143, 77409
16079, 77510
16059, 77611
16079, 77711
15911, 77811
16111, 77912
16079, 78013
16079, 78113
16143, 78214
16143, 78314
16079, 78414
16143, 78516
16023, 78616
16079, 78716
16047, 78817
16207, 78918
16055, 79019
16079, 79119
16143, 79219
16143, 79320
16031, 79421
16191, 79521
16063, 79622
16207, 79722
16175, 79822
16063, 79924
16063, 80024
16063, 80124
16111, 80225
16047, 80325
16079, 80427
16111, 80527
16111, 80627
16031, 80728
16059, 80828
16207, 80929
16063, 81030
16271, 81130
15951, 81230
16143, 81331
16207, 81432
16063, 81532
16175, 81633
16111, 81733
16095, 81833
16207, 81935
16079, 82035
16143, 82136
16079, 82236
16143, 82336
16063, 82438
16079, 82538
16207, 82638
16023, 82739
16175, 82840
16079, 82940
16063, 83041
16031, 83141
16079, 83241
16175, 83343
16143, 83443
16079, 83544
16063, 83644
16063, 83744
16079, 83846
16143, 83946
15991, 84046
15999, 84147
16143, 84247
16255, 84348
16111, 84449
16207, 84549
16191, 84649
16175, 84750
16095, 84851
16055, 84952
15999, 85052
16111, 85152
16079, 85253
16063, 85354
16079, 85454
16079, 85555
16175, 85655
16031, 85755
16079, 85857
16039, 85957
16111, 86057
16187, 86158
16191, 86259
16111, 86360
16031, 86460
16191, 86560
16079, 86661
16055, 86762
16079, 86862
16063, 86963
16207, 87063
16063, 87163
16071, 87265
16207, 87365
16039, 87465
16079, 87566
16079, 87666
15935, 87768
15935, 87868
15999, 87968
16111, 88069
16175, 88169
16143, 88270
16207, 88371
16047, 88471
16111, 88571
16079, 88672
16063, 88773
16111, 88873
16079, 88974
15999, 89074
16111, 89175
16095, 89276
16207, 89376
16031, 89477
16079, 89577
16079, 89677
16079, 89779
16063, 89879
16031, 89979
16063, 90080
16079, 90181
16175, 90281
16111, 90382
15999, 90482
16095, 90583
15935, 90684
16175, 90784
16143, 90885
16031, 90985
16079, 91085
16175, 91187
16143, 91287
16063, 91387
16111, 91488
16143, 91588
16143, 91689
16143, 91790
16079, 91890
16143, 91991
16143, 92091
16079, 92192
16143, 92293
16143, 92393
16047, 92493
16143, 92594
16019, 92695
16143, 92795
16095, 92896
16143, 92996
16143, 93096
16207, 93198
16059, 93298
16143, 93399
16023, 93499
16063, 93600
16143, 93701
16031, 93801
16095, 93901
16175, 94002
16191, 94103
16191, 94203
16023, 94304
16111, 94404
16143, 94504
16175, 94606
16191, 94706
16055, 94807
16079, 94907
16071, 95007
16079, 95109
16143, 95209
16047, 95309
16207, 95410
16079, 95510
16111, 95611
16143, 95712
16143, 95812
16063, 95912
16143, 96013
16143, 96114
16079, 96215
16191, 96315
16143, 96415
16175, 96516
16255, 96617
16079, 96717
16079, 96818
16079, 96918
16143, 97019
16079, 97120
16207, 97220
15999, 97320
16079, 97421
16143, 97522
16143, 97623
16047, 97723
16175, 97823
16143, 97924
16063, 98025
16143, 98125
16143, 98226
16019, 98326
16191, 98426
16059, 98528
16111, 98628
16079, 98728
16047, 98829
16111, 98929
15999, 99031
16143, 99131
16207, 99231
16207, 99332
16031, 99432
16143, 99533
16175, 99634
16111, 99734
16055, 99834
16047, 99935
16079, 100036
16207, 100136
16079, 100237
16055, 100337
16111, 100439
16079, 100539
16023, 100639
16111, 100740
16207, 100841
16095, 100941
16143, 101042
16055, 101143
16055, 101243
16079, 101344
16031, 101444
16063, 101545
16143, 101646
16079, 101746
16111, 101847
16175, 101948
16111, 102048
16079, 102149
16143, 102249
16055, 102350
16143, 102451
16079, 102551
16031, 102651
16031, 102753
16143, 102853
16111, 102953
16079, 103054
16175, 103155
16207, 103256
16079, 103356
16143, 103456
16111, 103558
16175, 103658
16063, 103758
16055, 103859
16023, 103960
16079, 104060
16079, 104161
16079, 104261
16079, 104363
16055, 104463
16079, 104563
16071, 104664
16079, 104765
15887, 104865
16047, 104966
16111, 105066
16191, 105167
16111, 105268
16063, 105368
16079, 105469
16079, 105570
16079, 105670
16279, 105771
16175, 105872
16111, 105972
16111, 106073
16111, 106173
16143, 106274
16143, 106375
16143, 106475
16063, 106575
16079, 106677
16111, 106777
16111, 106877
16079, 106978
16063, 107079
15951, 107180
15999, 107280
16207, 107380
16063, 107482
16079, 107582
16079, 107682
16079, 107783
16063, 107884
15999, 107984
16111, 108085
16255, 108185
16079, 108286
16143, 108387
16143, 108487
16191, 108588
15951, 108689
16175, 108789
16079, 108890
16143, 108990
16111, 109091
16143, 109192
16143, 109292
16031, 109393
16111, 109494
16255, 109594
16111, 109694
16111, 109796
16055, 109896
15951, 109997
16079, 110097
16079, 110198
16079, 110299
16047, 110399
16191, 110499
16047, 110601
16079, 110701
16143, 110801
16063, 110902
16143, 111003
16335, 111104
16143, 111204
16143, 111304
16031, 111406
16079, 111506
16079, 111606
16063, 111707
16063, 111808
16111, 111908
16079, 112009
16063, 112109
16111, 112210
16143, 112311
16111, 112411
16031, 112512
16175, 112613
15951, 112713
16079, 112814
16143, 112915
16191, 113015
16031, 113116
16047, 113216
16143, 113317
16191, 113418
16143, 113518
16063, 113618
16059, 113720
16031, 113820
16255, 113921
16055, 114021
16207, 114122
16063, 114223
15919, 114323
16047, 114423
16079, 114525
16079, 114625
16079, 114725
16079, 114826
16079, 114927
16143, 115027
16079, 115128
16079, 115228
16031, 115330
16143, 115430
16175, 115530
16191, 115631
16063, 115732
16079, 115832
16143, 115933
15951, 116033
16095, 116134
16047, 116235
15951, 116335
16143, 116435
16207, 116537
16207, 116637
16111, 116738
16055, 116839
16079, 116939
16111, 117040
16111, 117140
16143, 117241
16063, 117342
16143, 117442
16175, 117542
16111, 117644
16111, 117744
16095, 117844
16079, 117945
16175, 118046
16079, 118147
15991, 118247
16143, 118347
16175, 118449
16079, 118549
15999, 118649
15935, 118750
16111, 118851
16207, 118951
16143, 119052
16031, 119152
16191, 119254
16111, 119354
16175, 119454
16143, 119555
16111, 119656
16047, 119756
16079, 119857
16143, 119957
16207, 120058
16079, 120159
16063, 120259
16079, 120360
16079, 120461
16063, 120561
16079, 120662
16207, 120763
16063, 120863
16111, 120964
15951, 121064
16111, 121165
16031, 121266
16079, 121366
16143, 121466
16079, 121568
16079, 121668
16111, 121768
16079, 121869
16047, 121970
16143, 122071
16079, 122171
16111, 122271
16079, 122373
16063, 122473
16111, 122573
16079, 122674
15999, 122775
15951, 122875
16047, 122976
16143, 123076
15999, 123177
16143, 123278
16023, 123378
16031, 123479
16111, 123580
16079, 123680
16191, 123781
16027, 123881
16031, 123982
15935, 124083
16191, 124183
15999, 124284
16111, 124385
16079, 124485
16023, 124585
16063, 124687
16023, 124787
16079, 124888
16207, 124988
16143, 125089
16143, 125190
16111, 125290
16111, 125390
16027, 125492
16191, 125592
16143, 125692
16143, 125793
16079, 125894
16079, 125995
16063, 126095
16143, 126195
16079, 126297
16047, 126397
16143, 126497
16047, 126598
16063, 126699
16111, 126799
16207, 126900
16079, 127000
15951, 127101
16031, 127202
16111, 127302
16095, 127403
16191, 127504
15999, 127604
16111, 127705
16071, 127806
16111, 127906
16143, 128007
16303, 128107
15951, 128208
16063, 128309
16079, 128409
16111, 128509
15951, 128611
16111, 128711
16191, 128812
16031, 128912
16079, 129013
16019, 129114
16079, 129214
16207, 129314
16111, 129416
16207, 129516
16079, 129616
16031, 129717
16111, 129818
16175, 129918
15999, 130019
16143, 130119
15951, 130221
16111, 130321
16111, 130421
16063, 130522
15999, 130623
16207, 130723
15951, 130824
15995, 130924
16175, 131025
16175, 131126
16143, 131226
16207, 131326
16063, 131428
15951, 131528
16111, 131629
16111, 131730
16079, 131830
16111, 131931
16111, 132031
16191, 132132
16207, 132233
16079, 132333
16079, 132433
16175, 132535
15999, 132635
16143, 132736
16191, 132836
16063, 132937
16143, 133038
16079, 133138
16079, 133238
16111, 133340
16207, 133440
16079, 133540
15999, 133641
16111, 133742
16111, 133842
16111, 133943
16079, 134043
16079, 134145
16079, 134245
16143, 134345
16111, 134446
16047, 134547
16207, 134647
16143, 134748
16143, 134848
16031, 134949
16143, 135050
16063, 135150
16175, 135250
16175, 135352
16191, 135452
16111, 135553
16287, 135654
16111, 135754
16191, 135855
16143, 135955
16111, 136056
16175, 136157
16079, 136257
16031, 136357
16079, 136459
16111, 136559
16143, 136659
15999, 136760
16079, 136861
16191, 136962
16047, 137062
16143, 137162
16111, 137264
16055, 137364
16143, 137464
16111, 137565
16255, 137666
16063, 137766
16175, 137867
16143, 137967
16207, 138068
16143, 138169
16079, 138269
16031, 138370
16079, 138471
16143, 138571
16079, 138672
16047, 138772
16023, 138873
16063, 138974
16143, 139074
16031, 139174
16111, 139276
16143, 139376
16031, 139476
16111, 139578
16063, 139678
16079, 139779
16143, 139879
16191, 139980
16079, 140081
16207, 140181
15935, 140281
16175, 140383
16063, 140483
15999, 140583
16031, 140684
16079, 140785
16079, 140886
16111, 140986
16191, 141086
16191, 141188
16143, 141288
16079, 141388
16143, 141489
16079, 141590
16079, 141690
16079, 141791
16079, 141891
15951, 141992
16079, 142093
16111, 142193
16111, 142294
16047, 142395
15935, 142495
16191, 142596
16019, 142697
16191, 142797
16111, 142898
16143, 142998
16207, 143099
16255, 143200
16079, 143300
16079, 143400
16079, 143502
16063, 143602
16191, 143703
16079, 143803
16143, 143904
16079, 144005
16079, 144105
16063, 144205
16143, 144307
16175, 144407
16143, 144507
16111, 144608
16191, 144709
16207, 144809
16079, 144910
16031, 145010
16063, 145112
16191, 145212
16111, 145312
16079, 145413
16079, 145514
16063, 145614
16079, 145715
16047, 145815
16111, 145916
16079, 146017
16207, 146117
16111, 146217
16031, 146319
16079, 146419
16175, 146520
16111, 146621
16175, 146721
16079, 146822
16111, 146922
16111, 147023
16079, 147124
16175, 147224
16143, 147324
16143, 147426
16143, 147526
16031, 147627
16143, 147727
16063, 147828
16063, 147929
16079, 148029
16175, 148129
16031, 148231
16111, 148331
16175, 148431
16143, 148532
16175, 148633
16111, 148733
16047, 148834
16207, 148934
16055, 149036
16111, 149136
16111, 149236
16079, 149337
16063, 149438
16095, 149538
15951, 149639
16023, 149739
16063, 149840
16143, 149941
16191, 150041
16063, 150142
16207, 150243
16111, 150343
16047, 150444
16207, 150545
15999, 150645
16207, 150746
16031, 150846
16063, 150947
16079, 151048
16111, 151148
16079, 151248
16031, 151350
16191, 151450
16175, 151550
16111, 151651
16111, 151752
16207, 151853
16063, 151953
16079, 152053
16031, 152155
16111, 152255
16175, 152355
16175, 152456
16079, 152557
16079, 152657
16063, 152758
16143, 152858
16111, 152960
16079, 153060
16079, 153160
16027, 153262
16111, 153362
16031, 153462
16111, 153563
16079, 153664
16143, 153764
16071, 153865
16111, 153965
16111, 154066
16031, 154167
16079, 154267
16063, 154368
16143, 154469
16063, 154569
16079, 154670
16175, 154770
16175, 154871
15951, 154972
16079, 155072
16175, 155172
16079, 155274
16191, 155374
16111, 155474
16191, 155575
16143, 155676
16111, 155777
16079, 155877
16143, 155977
16143, 156079
16079, 156179
16143, 156279
16079, 156380
16191, 156481
15951, 156581
16079, 156682
16055, 156783
16063, 156883
16063, 156984
16271, 157084
16019, 157186
16047, 157286
16079, 157386
16143, 157487
16111, 157588
16111, 157688
16191, 157789
16111, 157889
16063, 157990
15951, 158091
16079, 158191
15999, 158291
16111, 158393
15951, 158493
16095, 158594
16079, 158694
16143, 158795
16143, 158896
16023, 158996
16191, 159096
16175, 159198
16079, 159298
16063, 159398
16079, 159499
16143, 159600
16079, 159700
16079, 159801
16047, 159901
16031, 160003
16143, 160103
16079, 160203
16207, 160304
16047, 160405
16207, 160505
16207, 160606
15951, 160707
16175, 160807
16111, 160908
16143, 161008
16111, 161110
16207, 161210
16175, 161310
16023, 161411
16063, 161512
16031, 161612
15951, 161713
16143, 161813
16111, 161914
16111, 162015
16143, 162115
16063, 162215
16143, 162317
16063, 162417
16047, 162518
16111, 162618
16191, 162719
16079, 162820
16111, 162920
16079, 163020
16055, 163122
15887, 163222
16023, 163322
16047, 163423
16111, 163524
16175, 163624
16071, 163725
16031, 163825
16111, 163927
16079, 164027
16143, 164127
15999, 164229
16079, 164329
16019, 164429
16175, 164530
16079, 164631
16111, 164731
16143, 164832
16079, 164932
16207, 165033
16143, 165134
16143, 165234
16111, 165335
16111, 165436
16175, 165536
16207, 165637
16143, 165737
16143, 165838
16143, 165939
16143, 166039
16111, 166139
16207, 166241
16143, 166341
16143, 166441
16047, 166542
16111, 166643
16079, 166744
16175, 166844
16079, 166944
16191, 167046
16055, 167146
16031, 167246
16143, 167347
16079, 167448
16271, 167548
16079, 167649
16143, 167749
16111, 167851
16079, 167951
16175, 168051
16191, 168153
16175, 168253
16039, 168353
16055, 168454
16143, 168555
16079, 168655
16111, 168756
15951, 168856
16207, 168957
16079, 169058
16047, 169158
16063, 169259
16191, 169360
16111, 169460
16143, 169561
16143, 169661
16287, 169762
16191, 169863
16175, 169963
16175, 170063
16055, 170165
16175, 170265
16055, 170365
16079, 170466
16079, 170567
16019, 170668
16063, 170768
16059, 170868
16207, 170970
16079, 171070
16031, 171170
16079, 171271
15951, 171372
16063, 171472
16079, 171573
16111, 171673
16111, 171774
16079, 171875
16111, 171975
16207, 172077
15951, 172177
16207, 172277
16143, 172378
16063, 172479
16079, 172579
16175, 172680
16175, 172780
16143, 172881
16031, 172982
16031, 173082
16175, 173182
16019, 173284
15951, 173384
16079, 173485
16111, 173585
16079, 173686
16143, 173787
16019, 173887
16175, 173987
16063, 174089
16063, 174189
16111, 174289
16143, 174390
16207, 174491
15935, 174592
16079, 174692
16143, 174792
15951, 174894
16143, 174994
16111, 175094
16079, 175195
16031, 175296
16191, 175396
16031, 175497
16079, 175598
16079, 175698
16079, 175799
16063, 175899
16143, 176001
16079, 176101
16079, 176201
16111, 176302
16047, 176403
16027, 176503
16111, 176604
16143, 176704
16143, 176805
15951, 176906
16055, 177006
16143, 177106
16143, 177208
16111, 177308
16111, 177409
16079, 177509
16079, 177610
16079, 177711
16079, 177811
16063, 177911
16079, 178013
16031, 178113
16079, 178213
16079, 178314
16031, 178415
16079, 178515
16271, 178616
16111, 178716
16079, 178818
16079, 178918
16111, 179018
16079, 179120
16079, 179220
16079, 179320
15951, 179421
16079, 179522
16111, 179622
16175, 179723
16143, 179823
16063, 179924
16031, 180025
16175, 180125
16111, 180226
16059, 180327
16063, 180427
15999, 180528
16271, 180628
16143, 180729
16143, 180830
16063, 180930
16063, 181030
16079, 181132
16111, 181232
16191, 181332
16279, 181433
16019, 181534
16055, 181635
16031, 181735
16143, 181835
16031, 181937
16063, 182037
16063, 182137
16143, 182238
16143, 182339
16079, 182439
16063, 182540
16031, 182640
16079, 182742
16175, 182842
16143, 182942
16255, 183044
16079, 183144
16063, 183244
16143, 183345
15951, 183446
15951, 183546
16143, 183647
16111, 183747
16047, 183848
16111, 183949
16191, 184049
16079, 184150
16031, 184251
16063, 184351
16111, 184452
16079, 184552
16079, 184653
16063, 184754
16111, 184854
16079, 184954
16079, 185056
16143, 185156
16111, 185256
16019, 185357
16079, 185458
16079, 185559
16063, 185659
16079, 185759
16143, 185861
16111, 185961
16191, 186061
16079, 186162
16063, 186263
15999, 186363
16079, 186464
16063, 186564
16079, 186665
16079, 186766
16207, 186866
16207, 186967
16111, 187068
15999, 187168
16047, 187269
16207, 187370
16111, 187470
16207, 187571
16095, 187671
16055, 187772
16079, 187873
16047, 187973
16175, 188073
15999, 188175
16055, 188275
16143, 188376
16143, 188476
16143, 188577
16175, 188678
16079, 188778
16143, 188878
16031, 188980
16175, 189080
16207, 189180
16019, 189281
16047, 189382
16079, 189483
16191, 189583
16191, 189683
16079, 189785
16031, 189885
16063, 189985
16031, 190086
16079, 190187
16111, 190287
16079, 190388
16111, 190489
16143, 190589
16143, 190690
16039, 190790
16207, 190892
16079, 190992
15999, 191092
15999, 191193
16143, 191294
16191, 191394
16111, 191495
16111, 191595
16079, 191696
16079, 191797
16059, 191897
15951, 191997
16023, 192099
16063, 192199
16191, 192300
16079, 192400
16111, 192501
16079, 192602
16207, 192702
16143, 192802
15999, 192904
16111, 193004
16143, 193104
16079, 193205
15951, 193306
16111, 193406
16079, 193507
16063, 193607
16031, 193709
16143, 193809
16111, 193909
16111, 194011
16079, 194111
16111, 194211
16079, 194312
16143, 194413
16207, 194513
16111, 194614
16079, 194714
16111, 194816
16143, 194916
16063, 195016
16079, 195117
16079, 195218
16079, 195318
16027, 195419
15999, 195519
16111, 195620
16047, 195721
16111, 195821
16063, 195921
16175, 196023
16143, 196123
16143, 196224
16111, 196324
16143, 196425
16079, 196526
16063, 196626
16111, 196726
16079, 196828
16079, 196928
16079, 197028
16111, 197129
16143, 197230
16111, 197330
15999, 197431
16063, 197532
16191, 197633
16079, 197733
16111, 197833
16063, 197935
16079, 198035
16175, 198135
16047, 198236
16031, 198337
16191, 198437
16287, 198538
16143, 198638
16303, 198739
16191, 198840
16111, 198940
16143, 199041
16143, 199142
16111, 199242
16063, 199343
15951, 199443
16079, 199544
16079, 199645
16111, 199745
16047, 199845
15935, 199947
16079, 200047
16191, 200147
15991, 200248
16207, 200349
16047, 200450
16079, 200550
16111, 200650
16079, 200752
16079, 200852
16207, 200952
16063, 201054
16079, 201154
16255, 201254
16063, 201355
16143, 201456
16031, 201556
16071, 201657
16063, 201757
16079, 201859
16175, 201959
16191, 202059
16047, 202160
16207, 202261
16111, 202361
16023, 202462
16111, 202562
16063, 202663
16271, 202764
15951, 202864
16207, 202964
15951, 203066
15951, 203166
16079, 203267
16111, 203367
16143, 203468
16055, 203569
16143, 203669
15999, 203769
16143, 203871
16207, 203971
16079, 204071
16031, 204173
16023, 204273
16111, 204374
16191, 204474
16063, 204575
16207, 204676
16079, 204776
16143, 204876
16191, 204978
16031, 205078
16191, 205178
16031, 205279
16031, 205380
16079, 205480
16055, 205581
16079, 205681
16207, 205783
16111, 205883
16143, 205983
16063, 206084
16143, 206185
16079, 206285
16079, 206386
16079, 206486
16271, 206587
16031, 206688
16055, 206788
16143, 206888
15999, 206990
16143, 207090
16207, 207191
16079, 207291
16031, 207392
16063, 207493
16059, 207593
16191, 207693
16143, 207795
16207, 207895
16079, 207995
16271, 208096
15999, 208197
16175, 208297
16031, 208398
16143, 208499
16063, 208600
16031, 208700
16175, 208800
16031, 208902
16071, 209002
16063, 209102
16143, 209203
16031, 209304
16063, 209404
16111, 209505
16079, 209605
16031, 209707
16031, 209807
16111, 209907
16143, 210008
16079, 210109
16207, 210209
16047, 210310
16111, 210410
16143, 210511
16079, 210612
16191, 210712
16063, 210812
16111, 210914
16111, 211014
16143, 211115
16143, 211215
16031, 211316
16111, 211417
16063, 211517
16111, 211617
16079, 211719
16079, 211819
16063, 211919
16143, 212020
16079, 212121
16143, 212221
16055, 212322
15951, 212423
16143, 212524
16143, 212624
15999, 212724
15887, 212826
16063, 212926
16175, 213026
16079, 213127
16175, 213228
16191, 213328
16079, 213429
16095, 213529
16143, 213630
15935, 213731
16175, 213831
16079, 213932
16143, 214033
16207, 214133
16207, 214234
16079, 214334
16047, 214435
16191, 214536
16079, 214636
16079, 214736
16059, 214838
16111, 214938
16175, 215038
16111, 215139
16079, 215240
16143, 215341
16063, 215441
16079, 215541
16095, 215643
16111, 215743
16207, 215843
16143, 215945
16079, 216045
15999, 216145
16079, 216246
16071, 216347
16111, 216448
16143, 216548
15935, 216648
16031, 216750
16031, 216850
16143, 216950
16031, 217051
16063, 217152
16111, 217252
16191, 217353
16111, 217453
16207, 217554
16063, 217655
16079, 217755
16111, 217856
16079, 217957
16175, 218057
16063, 218158
16095, 218258
16207, 218359
16039, 218460
16111, 218560
16031, 218660
16023, 218762
16143, 218862
16063, 218962
16111, 219063
16079, 219164
16143, 219265
16047, 219365
16143, 219465
16055, 219567
16031, 219667
16079, 219767
16255, 219869
16191, 219969
16175, 220069
16175, 220170
16079, 220271
16023, 220371
16191, 220472
15951, 220572
16031, 220674
16079, 220774
16143, 220874
16079, 220975
16143, 221076
16207, 221176
16143, 221277
15999, 221377
16143, 221478
16079, 221579
15991, 221679
15999, 221779
16063, 221881
16175, 221981
16047, 222082
16031, 222182
16175, 222283
16063, 222384
16039, 222484
16079, 222584
16111, 222686
16111, 222786
16143, 222886
16079, 222988
16143, 223088
16143, 223188
16111, 223289
16143, 223390
15999, 223491
16079, 223591
16063, 223691
16079, 223793
16063, 223893
16079, 223993
16143, 224094
16023, 224195
16079, 224295
16023, 224396
16143, 224496
16079, 224598
16111, 224698
16111, 224798
16111, 224899
16191, 225000
16079, 225100
16111, 225201
16111, 225301
16079, 225402
16063, 225503
16111, 225603
16047, 225703
16191, 225805
16111, 225905
16063, 226006
16063, 226106
16143, 226207
16079, 226308
16143, 226408
16095, 226509
16143, 226610
15999, 226710
16111, 226810
15951, 226912
16095, 227012
16079, 227112
16063, 227213
16207, 227314
16255, 227415
16079, 227515
16335, 227615
16079, 227717
16271, 227817
16143, 227917
16111, 228018
16079, 228119
16079, 228219
16143, 228320
16207, 228420
16175, 228521
16111, 228622
16191, 228722
16111, 228823
16079, 228924
16191, 229024
15951, 229125
16079, 229225
16143, 229326
16031, 229427
16031, 229527
16079, 229627
16079, 229729
16023, 229829
16079, 229929
16111, 230031
16063, 230131
16143, 230232
16079, 230332
15935, 230433
16175, 230534
16143, 230634
16047, 230734
16095, 230836
16207, 230936
16111, 231036
16079, 231137
16055, 231238
16031, 231339
16063, 231439
16023, 231539
16063, 231641
16055, 231741
16063, 231841
16063, 231942
16063, 232043
16207, 232143
16079, 232244
16175, 232344
16143, 232445
16079, 232546
16111, 232646
15951, 232747
16143, 232848
16175, 232948
16063, 233049
16047, 233150
16111, 233250
16079, 233351
16079, 233451
16111, 233552
16143, 233653
16207, 233753
16143, 233853
15991, 233955
16079, 234055
16111, 234156
16191, 234256
16063, 234357
16175, 234458
16207, 234558
16079, 234658
16079, 234760
16063, 234860
16111, 234960
15935, 235061
16023, 235162
16111, 235262
16207, 235363
16207, 235463
16055, 235565
16079, 235665
16023, 235765
16111, 235866
16063, 235967
16059, 236067
16143, 236168
16143, 236268
15951, 236369
16079, 236470
16079, 236570
16207, 236672
16207, 236772
16111, 236872
16111, 236973
16207, 237074
16063, 237174
16111, 237275
16111, 237375
16063, 237476
16111, 237577
16055, 237677
16111, 237777
16079, 237879
16027, 237979
16143, 238080
16079, 238180
16079, 238281
16079, 238382
16191, 238482
16079, 238582
16079, 238684
16079, 238784
16031, 238884
16143, 238985
16143, 239086
16079, 239186
16063, 239287
16063, 239387
16079, 239489
16143, 239589
16023, 239689
16079, 239791
16055, 239891
16079, 239991
16079, 240092
16063, 240193
16063, 240293
16175, 240394
16047, 240494
16059, 240595
16063, 240696
15951, 240796
16079, 240897
16095, 240998
16023, 241098
16055, 241199
16175, 241299
16111, 241400
16047, 241501
16111, 241601
16095, 241701
16079, 241803
16079, 241903
16143, 242003
16079, 242104
15999, 242205
16079, 242306
16143, 242406
16207, 242506
16143, 242608
16079, 242708
16255, 242808
16079, 242909
16047, 243010
16175, 243110
15951, 243211
16023, 243312
15951, 243412
16175, 243513
16207, 243613
16079, 243715
16079, 243815
16079, 243915
16111, 244016
16079, 244117
16079, 244217
16079, 244318
16191, 244418
16047, 244519
16055, 244620
16207, 244720
16055, 244820
16143, 244922
16143, 245022
16027, 245123
16191, 245223
16031, 245324
16047, 245425
16079, 245525
16143, 245625
16063, 245727
16079, 245827
16031, 245927
16255, 246028
15951, 246129
16079, 246230
16207, 246330
16027, 246430
16063, 246532
16111, 246632
16031, 246732
16143, 246834
16063, 246934
16079, 247034
16303, 247135
16063, 247236
16031, 247336
16207, 247437
16111, 247537
16191, 247639
16191, 247739
16111, 247839
16063, 247940
16303, 248041
16071, 248141
16143, 248242
16079, 248342
16175, 248443
16047, 248544
16079, 248644
16207, 248744
16079, 248846
16079, 248946
16111, 249047
16063, 249147
16063, 249248
16175, 249349
16143, 249449
16079, 249549
16303, 249651
16079, 249751
16079, 249851
16047, 249952
16143, 250053
16079, 250153
16111, 250254
15951, 250354
16143, 250456
16055, 250556
16079, 250656
16063, 250758
16079, 250858
16143, 250958
16047, 251059
16207, 251160
16143, 251260
16055, 251361
16079, 251461
16111, 251563
16079, 251663
16031, 251763
16079, 251864
16079, 251965
16031, 252065
16031, 252166
16143, 252266
16079, 252367
16079, 252468
16031, 252568
16079, 252668
16111, 252770
16111, 252870
16055, 252971
16175, 253071
16095, 253172
16143, 253273
16303, 253373
16143, 253473
16207, 253575
16143, 253675
16063, 253775
16079, 253877
16079, 253977
16079, 254077
16079, 254178
16207, 254279
16079, 254380
16079, 254480
16111, 254580
16019, 254682
16255, 254782
16079, 254882
16143, 254983
16143, 255084
16191, 255184
16063, 255285
16063, 255385
16143, 255486
16111, 255587
16079, 255687
16143, 255788
16175, 255889
16191, 255989
16047, 256090
16111, 256190
16207, 256291
16111, 256392
16111, 256492
16143, 256592
16055, 256694
16111, 256794
16207, 256894
16019, 256995
16175, 257096
16079, 257197
16111, 257297
16031, 257398
16023, 257499
16019, 257599
16047, 257699
15935, 257801
16095, 257901
16191, 258001
16063, 258102
16175, 258203
16191, 258304
16143, 258404
16111, 258504
16111, 258606
16079, 258706
16079, 258806
16063, 258907
16111, 259008
16207, 259108
16191, 259209
15991, 259309
16079, 259410
16079, 259511
16079, 259611
16191, 259712
15999, 259813
16079, 259913
16191, 260014
16143, 260114
16143, 260215
16191, 260316
16047, 260416
16191, 260516
16175, 260618
16191, 260718
16063, 260818
16143, 260919
16111, 261020
16111, 261121
16111, 261221
16111, 261321
16063, 261423
16047, 261523
16143, 261623
16079, 261725
16143, 261825
16191, 261925
16079, 262026
16143, 262127
16207, 262227
16191, 262328
16055, 262428
16143, 262530
16207, 262630
15999, 262730
16047, 262831
16143, 262932
16143, 263032
15919, 263133
16143, 263233
16079, 263334
16111, 263435
16063, 263535
16111, 263635
16055, 263737
16111, 263837
16079, 263938
16191, 264038
16079, 264139
16111, 264240
16047, 264340
16079, 264440
16143, 264542
16111, 264642
16031, 264742
16191, 264843
16175, 264944
16111, 265044
16143, 265145
16175, 265246
16175, 265347
16271, 265447
16207, 265547
16143, 265649
16175, 265749
16143, 265849
15999, 265950
16191, 266051
16111, 266151
16143, 266252
15951, 266352
16143, 266454
15919, 266554
16175, 266654
16031, 266755
16079, 266856
16063, 266956
16175, 267057
15999, 267157
16079, 267258
16031, 267359
16047, 267459
16143, 267559
15991, 267661
15935, 267761
16031, 267862
16207, 267962
16143, 268063
16079, 268164
16095, 268264
16175, 268364
16047, 268466
16111, 268566
16111, 268666
16143, 268768
16031, 268868
16207, 268968
16143, 269069
16079, 269170
16063, 269271
16079, 269371
16191, 269471
16175, 269573
16079, 269673
16191, 269773
16055, 269874
16047, 269975
16031, 270075
16063, 270176
16023, 270276
16063, 270377
16191, 270478
15951, 270578
16175, 270679
16063, 270780
16111, 270880
16143, 270981
16143, 271081
16111, 271182
16111, 271283
16079, 271383
16143, 271483
16191, 271585
16143, 271685
16079, 271785
16143, 271886
16143, 271987
16079, 272088
15999, 272188
16079, 272289
16111, 272390
16207, 272490
16079, 272590
16079, 272692
16175, 272792
16047, 272892
16143, 272993
16063, 273094
16079, 273195
16079, 273295
16207, 273395
16063, 273497
15951, 273597
16063, 273697
16207, 273798
15999, 273899
16079, 273999
16063, 274100
16063, 274200
16111, 274301
16031, 274402
16019, 274502
16143, 274603
16175, 274704
16175, 274804
16071, 274905
16079, 275005
16191, 275106
16143, 275207
15951, 275307
16063, 275407
16063, 275509
16191, 275609
16027, 275709
16143, 275811
15951, 275911
16191, 276012
16111, 276112
16063, 276213
16175, 276314
16143, 276414
16063, 276514
16191, 276616
16207, 276716
16143, 276816
16111, 276917
16063, 277018
16079, 277118
15999, 277219
16079, 277319
16055, 277421
16191, 277521
16079, 277621
16191, 277722
16111, 277823
16079, 277923
16111, 278024
16063, 278124
16063, 278225
16143, 278326
16143, 278426
16079, 278526
16031, 278628
16111, 278728
16207, 278829
15951, 278930
16143, 279030
16175, 279131
16055, 279231
16047, 279332
16063, 279433
16111, 279533
16207, 279633
16111, 279735
16143, 279835
16063, 279936
16143, 280036
15951, 280137
16095, 280238
16143, 280338
16079, 280438
16079, 280540
16111, 280640
16111, 280740
16111, 280841
16079, 280942
16079, 281042
16031, 281143
16063, 281243
16175, 281345
16079, 281445
16079, 281545
16143, 281646
16143, 281747
16111, 281847
16079, 281948
16047, 282048
16207, 282149
16143, 282250
16079, 282350
16191, 282451
16143, 282552
16287, 282652
16175, 282753
16023, 282854
16031, 282954
16079, 283055
16031, 283155
16079, 283256
16191, 283357
16143, 283457
16063, 283557
16079, 283659
16031, 283759
16111, 283859
16143, 283960
16111, 284061
16079, 284162
16175, 284262
16143, 284362
16047, 284464
16111, 284564
16143, 284664
16047, 284765
16255, 284866
16111, 284966
16143, 285067
16071, 285167
16143, 285268
16031, 285369
15951, 285469
16095, 285570
16063, 285671
16111, 285771
16047, 285872
16111, 285973
16079, 286073
16079, 286174
16111, 286274
15951, 286375
16143, 286476
16143, 286576
16143, 286676
16111, 286778
16079, 286878
16111, 286979
16143, 287079
16047, 287180
16303, 287281
16191, 287381
16079, 287481
16031, 287583
16143, 287683
16079, 287783
16191, 287884
16079, 287985
16055, 288086
16111, 288186
16063, 288286
16111, 288388
16175, 288488
16063, 288588
16063, 288689
16031, 288790
16079, 288890
16175, 288991
16063, 289092
16111, 289192
16191, 289293
16111, 289393
16079, 289495
16111, 289595
15887, 289695
16207, 289796
16175, 289897
16063, 289997
16191, 290098
16079, 290198
16079, 290299
16079, 290400
16143, 290500
16079, 290600
16143, 290702
16111, 290802
16063, 290903
16111, 291003
16063, 291104
16111, 291205
16079, 291305
16111, 291405
16143, 291507
16207, 291607
16143, 291707
16143, 291808
16079, 291909
16279, 292009
16175, 292110
16143, 292210
16111, 292312
16079, 292412
16143, 292512
16143, 292614
16047, 292714
16111, 292814
16079, 292915
16079, 293016
16175, 293116
16079, 293217
16111, 293317
16063, 293419
16079, 293519
16191, 293619
16143, 293720
16019, 293821
16191, 293921
16143, 294022
16019, 294122
16079, 294223
16079, 294324
16143, 294424
16079, 294524
16143, 294626
16191, 294726
16079, 294827
16111, 294927
16063, 295028
16063, 295129
16111, 295229
16047, 295329
16063, 295431
16079, 295531
16191, 295631
16143, 295732
16191, 295833
16039, 295933
16143, 296034
16111, 296135
15999, 296236
16055, 296336
15951, 296436
16143, 296538
16047, 296638
16143, 296738
16143, 296839
16031, 296940
16031, 297040
16079, 297141
16079, 297241
16111, 297342
16191, 297443
16031, 297543
16207, 297644
16143, 297745
16287, 297845
16047, 297946
15951, 298046
16047, 298147
16079, 298248
16063, 298348
16079, 298448
16031, 298550
16047, 298650
16079, 298750
16079, 298851
16039, 298952
16111, 299053
16175, 299153
16207, 299253
16143, 299355
16111, 299455
16023, 299555
16143, 299657
16111, 299757
16111, 299857
16111, 299958
16111, 300059
16111, 300160
16079, 300260
16191, 300360
16111, 300462
16047, 300562
16079, 300662
16079, 300763
16143, 300864
16191, 300964
16143, 301065
16079, 301165
16255, 301266
16111, 301367
16055, 301467
16055, 301568
16079, 301669
16079, 301769
16055, 301870
16095, 301970
15951, 302071
16079, 302172
16175, 302272
16175, 302372
16143, 302474
16111, 302574
16143, 302674
15999, 302776
16079, 302876
16111, 302977
16079, 303077
16079, 303178
16055, 303279
16207, 303379
15999, 303479
16111, 303581
16143, 303681
16063, 303781
16143, 303882
16207, 303983
16111, 304083
16047, 304184
16095, 304284
16191, 304386
16175, 304486
16079, 304586
16063, 304687
16079, 304788
16175, 304888
16143, 304989
16207, 305089
16143, 305190
16079, 305291
16111, 305391
16079, 305491
16047, 305593
16079, 305693
16143, 305794
16143, 305895
16111, 305995
16207, 306096
16063, 306196
16079, 306297
16063, 306398
16143, 306498
16079, 306598
16191, 306700
15999, 306800
16175, 306900
16055, 307001
16079, 307102
16063, 307203
16079, 307303
16031, 307403
16143, 307505
16063, 307605
15999, 307705
16207, 307806
16063, 307907
16143, 308007
16111, 308108
16111, 308208
16079, 308310
16111, 308410
16111, 308510
16111, 308611
16175, 308712
16143, 308812
16023, 308913
16079, 309013
16063, 309114
16111, 309215
16079, 309315
16143, 309415
16191, 309517
16143, 309617
16079, 309718
16255, 309819
16079, 309919
16143, 310020
16143, 310120
15999, 310221
16191, 310322
16079, 310422
16031, 310522
16271, 310624
16079, 310724
16143, 310824
16143, 310925
16143, 311026
16079, 311127
16095, 311227
16175, 311327
16143, 311429
16111, 311529
16031, 311629
16111, 311730
16111, 311831
15991, 311931
16143, 312032
16191, 312132
16079, 312233
16143, 312334
16111, 312434
16111, 312535
16023, 312636
16063, 312736
16207, 312837
16063, 312938
15935, 313038
15951, 313139
16023, 313239
16255, 313340
16143, 313441
16111, 313541
16111, 313641
16143, 313743
16079, 313843
16079, 313944
16175, 314044
16079, 314145
16079, 314246
16111, 314346
16079, 314446
16111, 314548
16111, 314648
16055, 314748
16079, 314849
16175, 314950
16063, 315051
16047, 315151
16207, 315251
16143, 315353
16079, 315453
16079, 315553
16079, 315654
16191, 315755
16207, 315855
15999, 315956
16047, 316057
16111, 316157
16143, 316258
16055, 316358
15935, 316460
16175, 316560
16143, 316660
16143, 316761
16059, 316862
16143, 316962
16111, 317063
16111, 317163
16111, 317264
16063, 317365
16143, 317465
16079, 317565
16063, 317667
16079, 317767
16111, 317868
16079, 317968
16079, 318069
16063, 318170
16111, 318270
16031, 318370
16143, 318472
16143, 318572
16063, 318672
16079, 318773
16063, 318874
16079, 318974
16111, 319075
16207, 319176
16143, 319277
16047, 319377
16287, 319477
16175, 319579
16143, 319679
16143, 319779
16079, 319880
16047, 319981
16191, 320081
16111, 320182
16111, 320282
16143, 320384
16079, 320484
16047, 320584
16079, 320685
16079, 320786
16079, 320886
16079, 320987
16111, 321087
15935, 321188
16143, 321289
16175, 321389
16111, 321489
16111, 321591
16079, 321691
16143, 321792
16063, 321892
16143, 321993
16079, 322094
16207, 322194
16031, 322294
16191, 322396
16143, 322496
16143, 322596
16111, 322698
16111, 322798
16079, 322898
16207, 322999
16047, 323100
16143, 323201
16255, 323301
16143, 323401
16207, 323503
16079, 323603
16207, 323703
16063, 323804
16039, 323905
15951, 324005
16143, 324106
16063, 324206
16175, 324307
16079, 324408
15951, 324508
16111, 324609
16143, 324710
16175, 324810
16095, 324911
16111, 325011
16111, 325112
16079, 325213
16111, 325313
16143, 325413
16255, 325515
16047, 325615
16079, 325715
16111, 325817
16175, 325917
16111, 326018
16023, 326118
16031, 326219
16079, 326320
16111, 326420
16079, 326520
16143, 326622
16207, 326722
16191, 326822
16207, 326923
16019, 327024
16191, 327124
16111, 327225
16079, 327325
16111, 327427
15887, 327527
16095, 327627
16079, 327728
16079, 327829
16079, 327929
16079, 328030
16079, 328130
16063, 328231
16079, 328332
16079, 328432
16079, 328532
16143, 328634
15951, 328734
16143, 328835
16143, 328935
16191, 329036
15991, 329137
16175, 329237
16079, 329337
16079, 329439
16079, 329539
16175, 329639
16207, 329741
15999, 329841
16191, 329942
15887, 330042
16111, 330143
16079, 330244
16143, 330344
16143, 330444
16063, 330546
16079, 330646
16031, 330746
16175, 330847
16111, 330948
16079, 331048
16143, 331149
16191, 331249
16079, 331351
16143, 331451
16031, 331551
16079, 331652
16111, 331753
16079, 331853
15887, 331954
16191, 332054
16079, 332155
16079, 332256
16143, 332356
16079, 332456
16063, 332558
16111, 332658
16079, 332759
16143, 332859
16143, 332960
15999, 333061
16079, 333161
16031, 333262
16111, 333363
16063, 333463
16111, 333563
16143, 333665
16191, 333765
16191, 333865
16071, 333966
16191, 334067
16143, 334168
16047, 334268
16079, 334368
16111, 334470
16175, 334570
16063, 334670
16019, 334771
16143, 334872
16079, 334972
16031, 335073
16143, 335173
16191, 335275
16079, 335375
16175, 335475
16111, 335576
16143, 335677
16063, 335777
16207, 335878
15951, 335978
16143, 336079
16031, 336180
16143, 336280
16063, 336380
16079, 336482
16175, 336582
16079, 336683
16111, 336784
16079, 336884
16143, 336985
16063, 337085
16063, 337186
16111, 337287
16063, 337387
16047, 337487
16079, 337589
16079, 337689
16063, 337789
16055, 337890
16191, 337991
16111, 338092
16111, 338192
16111, 338292
16063, 338394
16063, 338494
16023, 338594
16031, 338695
16063, 338796
16175, 338896
15991, 338997
16191, 339097
16111, 339198
16079, 339299
16143, 339399
16063, 339500
16063, 339601
16175, 339701
16111, 339802
16111, 339902
16191, 340003
16047, 340104
16175, 340204
16055, 340304
16143, 340406
16143, 340506
15999, 340606
16031, 340708
16175, 340808
16143, 340909
16063, 341009
16143, 341110
15999, 341211
16071, 341311
16111, 341411
16143, 341513
16111, 341613
16143, 341713
16063, 341814
16175, 341915
16143, 342016
16079, 342116
16071, 342216
16111, 342318
16079, 342418
16143, 342518
16019, 342619
16079, 342720
16175, 342820
16023, 342921
16207, 343021
16143, 343122
16111, 343223
16111, 343323
16063, 343424
16047, 343525
16079, 343625
16079, 343726
15999, 343826
16175, 343927
16079, 344028
15951, 344128
16143, 344229
16255, 344330
16111, 344430
16143, 344530
16143, 344632
16031, 344732
16111, 344833
16111, 344933
16079, 345034
16143, 345135
15999, 345235
16063, 345335
16063, 345437
16207, 345537
16111, 345637
16079, 345738
16143, 345839
16207, 345939
16111, 346040
16047, 346140
15935, 346242
16079, 346342
16047, 346442
16175, 346543
16047, 346644
16095, 346744
16079, 346845
16111, 346945
16175, 347046
16191, 347147
16079, 347247
16191, 347348
16079, 347449
16143, 347549
16059, 347650
16143, 347751
16111, 347851
16079, 347952
16079, 348052
16111, 348153
16063, 348254
16143, 348354
16079, 348454
16143, 348556
16079, 348656
16063, 348756
16063, 348857
16079, 348958
16319, 349059
15951, 349159
16111, 349259
16143, 349361
15951, 349461
16079, 349561
16111, 349662
16175, 349763
16079, 349863
16079, 349964
16079, 350064
16175, 350166
16143, 350266
16079, 350366
16143, 350467
16063, 350568
16079, 350668
16063, 350769
16031, 350870
16063, 350970
16143, 351071
16111, 351171
16111, 351272
16031, 351373
16079, 351473
16027, 351574
16111, 351675
16143, 351775
16079, 351876
16207, 351976
16191, 352077
16111, 352178
16031, 352278
16175, 352378
16047, 352480
16111, 352580
16079, 352680
16079, 352781
16175, 352882
16111, 352983
16143, 353083
16191, 353183
16111, 353285
16079, 353385
16143, 353485
16111, 353586
16111, 353687
16175, 353787
15951, 353888
16031, 353988
16143, 354089
16143, 354190
16207, 354290
16047, 354392
16079, 354492
16143, 354592
16019, 354693
16207, 354794
16063, 354894
16031, 354995
16207, 355095
16111, 355196
16143, 355297
16111, 355397
16063, 355497
16111, 355599
16111, 355699
16111, 355800
16207, 355900
16175, 356001
16063, 356102
16055, 356202
16079, 356302
16031, 356404
16175, 356504
16111, 356604
16143, 356705
16023, 356806
16175, 356907
16055, 357007
16023, 357107
16111, 357209
15991, 357309
16079, 357409
16143, 357510
16111, 357611
16047, 357711
16111, 357812
16143, 357913
16047, 358013
16079, 358114
16063, 358214
16111, 358316
16143, 358416
16031, 358516
16191, 358617
15951, 358718
16143, 358818
16143, 358919
16191, 359019
16191, 359120
16063, 359221
16055, 359321
16031, 359421
15951, 359523
16055, 359623
16055, 359724
16023, 359824
16019, 359925
16143, 360026
16143, 360126
16111, 360226
16063, 360328
16111, 360428
16079, 360528
16143, 360629
16079, 360730
16143, 360830
16143, 360931
16023, 361031
16079, 361133
16031, 361233
16143, 361333
15951, 361434
16031, 361535
16143, 361635
16143, 361736
16019, 361837
16175, 361937
15999, 362038
16111, 362138
16111, 362240
16063, 362340
16111, 362440
16143, 362541
16143, 362642
16047, 362742
16079, 362843
16143, 362943
16079, 363044
16079, 363145
16207, 363245
16079, 363345
16031, 363447
16143, 363547
16055, 363648
16111, 363748
16143, 363849
16063, 363950
16175, 364050
16079, 364150
16191, 364252
16175, 364352
16255, 364452
16063, 364553
16175, 364654
16111, 364754
16079, 364855
16079, 364955
16175, 365057
16079, 365157
16063, 365257
16079, 365359
16079, 365459
16055, 365559
16143, 365660
16063, 365761
16047, 365861
16191, 365962
16143, 366062
16079, 366163
16175, 366264
15999, 366364
16271, 366465
16143, 366566
16079, 366666
16079, 366767
16079, 366867
16079, 366968
16175, 367069
16079, 367169
16063, 367269
16207, 367371
16255, 367471
16023, 367571
16111, 367672
16191, 367773
16079, 367874
16143, 367974
16079, 368074
16079, 368176
16143, 368276
16111, 368376
16079, 368478
16079, 368578
16143, 368678
16207, 368779
16207, 368880
16063, 368980
16111, 369081
15999, 369181
16079, 369283
16079, 369383
16111, 369483
16143, 369584
16111, 369685
16111, 369785
16063, 369886
16095, 369986
16047, 370087
15935, 370188
16063, 370288
16079, 370388
16111, 370490
16079, 370590
16047, 370691
16079, 370791
16271, 370892
16143, 370993
16079, 371093
16063, 371193
16207, 371295
16111, 371395
16143, 371495
16063, 371596
16111, 371697
16111, 371798
16319, 371898
16079, 371999
16191, 372100
16063, 372200
16143, 372300
16111, 372402
16143, 372502
16143, 372602
16079, 372703
16143, 372804
16039, 372904
16079, 373005
16255, 373105
16143, 373207
16111, 373307
16111, 373407
16143, 373508
15951, 373609
16111, 373709
16143, 373810
16143, 373910
16111, 374011
16079, 374112
16111, 374212
16111, 374312
16175, 374414
16111, 374514
16255, 374615
16111, 374715
16111, 374816
15935, 374917
16079, 375017
16047, 375117
16111, 375219
16175, 375319
16175, 375419
16079, 375521
16079, 375621
16143, 375721
16031, 375822
16031, 375923
16079, 376024
16111, 376124
16191, 376224
16143, 376326
16191, 376426
15999, 376526
16111, 376627
16143, 376728
16175, 376828
16143, 376929
16111, 377029
16079, 377131
16143, 377231
16047, 377331
16143, 377432
15999, 377533
16111, 377633
16175, 377734
16079, 377834
16111, 377935
16063, 378036
16143, 378136
16111, 378236
15951, 378338
16207, 378438
16063, 378539
16063, 378639
16079, 378740
16175, 378841
16023, 378941
16023, 379042
16047, 379143
15887, 379243
16055, 379343
16063, 379445
16111, 379545
16079, 379645
15999, 379746
16111, 379847
16143, 379948
16079, 380048
16207, 380148
16335, 380250
16079, 380350
16047, 380450
16207, 380551
16079, 380652
16143, 380752
16079, 380853
16111, 380953
16031, 381054
16019, 381155
16143, 381255
16111, 381356
16207, 381457
15935, 381557
16079, 381658
16079, 381758
16207, 381859
16079, 381960
16063, 382060
16143, 382161
16047, 382262
16063, 382362
16111, 382462
16143, 382564
16079, 382664
16143, 382765
16207, 382865
16079, 382966
16143, 383067
16079, 383167
16143, 383267
16079, 383369
16111, 383469
16079, 383569
16175, 383670
16023, 383771
16079, 383872
16207, 383972
16047, 384072
16055, 384174
16191, 384274
16023, 384374
16111, 384475
16031, 384576
16079, 384676
16111, 384777
16111, 384877
16031, 384978
16079, 385079
16175, 385179
16071, 385281
16143, 385381
16143, 385481
16111, 385582
16079, 385683
16175, 385783
16175, 385884
16079, 385984
16079, 386085
16111, 386186
15999, 386286
16079, 386386
16055, 386488
16079, 386588
16063, 386689
16207, 386789
16143, 386890
16047, 386991
16079, 387091
16079, 387191
16143, 387293
16111, 387393
15951, 387493
16207, 387594
15935, 387695
16055, 387795
16055, 387896
15999, 387996
16079, 388098
16063, 388198
16143, 388298
16143, 388399
16079, 388500
16207, 388600
15951, 388701
16079, 388802
15951, 388902
16143, 389003
16143, 389103
16143, 389204
16063, 389305
16143, 389405
16111, 389506
16071, 389607
16111, 389707
16079, 389808
16055, 389908
16079, 390009
16111, 390110
15951, 390210
16143, 390310
15999, 390412
16111, 390512
16143, 390612
16079, 390713
16191, 390814
16111, 390915
16079, 391015
16079, 391115
16079, 391217
16079, 391317
16079, 391417
16079, 391518
16143, 391619
16111, 391719
16079, 391820
16019, 391920
16111, 392022
16079, 392122
16079, 392222
16063, 392324
16175, 392424
16063, 392524
16111, 392625
16047, 392726
16175, 392826
16079, 392927
16143, 393027
15919, 393128
16143, 393229
16111, 393329
16111, 393430
16063, 393531
16111, 393631
16191, 393732
16079, 393832
16143, 393933
16079, 394034
16063, 394134
16111, 394234
16143, 394336
16207, 394436
16143, 394536
16191, 394637
15951, 394738
16143, 394839
16079, 394939
16287, 395040
15999, 395141
16111, 395241
16111, 395341
16079, 395443
16063, 395543
16143, 395643
16143, 395744
16079, 395845
16191, 395945
16207, 396046
16079, 396146
16143, 396248
16175, 396348
16079, 396448
16023, 396549
15999, 396650
16175, 396750
16111, 396851
16191, 396951
16023, 397052
16111, 397153
16191, 397253
16143, 397353
16079, 397455
16111, 397555
16079, 397656
16207, 397756
16303, 397857
16031, 397958
16111, 398058
16079, 398159
16143, 398260
16079, 398360
16111, 398460
16031, 398562
16143, 398662
16079, 398763
16063, 398863
16055, 398964
16111, 399065
16055, 399165
15999, 399265
15999, 399367
16111, 399467
16143, 399567
15951, 399668
16143, 399769
16079, 399869
16031, 399970
16079, 400070
16111, 400172
16175, 400272
16031, 400372
16143, 400473
16079, 400574
16079, 400674
16071, 400775
16111, 400875
16207, 400976
15999, 401077
16079, 401177
16111, 401277
16047, 401379
16191, 401479
16079, 401580
16143, 401681
16079, 401781
15823, 401882
16143, 401982
16191, 402083
16143, 402184
16175, 402284
16207, 402384
16207, 402486
16055, 402586
16111, 402686
16079, 402787
16095, 402888
16111, 402989
16079, 403089
16111, 403189
16175, 403291
16191, 403391
16079, 403491
16111, 403592
16079, 403693
16063, 403793
16271, 403894
16111, 403994
16079, 404096
16079, 404196
16079, 404296
16111, 404397
16055, 404498
16111, 404598
16143, 404699
16175, 404799
16055, 404900
16063, 405001
16079, 405101
15999, 405202
16111, 405303
16143, 405403
16111, 405504
16111, 405605
16175, 405705
16143, 405806
16079, 405906
16079, 406007
16031, 406108
15951, 406208
16143, 406308
16175, 406410
16191, 406510
16063, 406610
16175, 406711
16111, 406812
16079, 406913
16111, 407013
16143, 407113
16055, 407215
16027, 407315
16031, 407415
16079, 407516
16079, 407617
16111, 407717
16111, 407818
16191, 407918
16055, 408019
16079, 408120
16019, 408220
16143, 408322
16039, 408422
16079, 408522
16175, 408623
16095, 408724
16143, 408824
16063, 408925
16207, 409025
16207, 409126
16191, 409227
16143, 409327
16143, 409427
16175, 409529
16047, 409629
16207, 409730
16079, 409830
16207, 409931
16047, 410032
16207, 410132
16079, 410232
16143, 410334
16111, 410434
16063, 410534
16111, 410635
16191, 410736
16143, 410836
16079, 410937
16023, 411037
16111, 411139
16143, 411239
16207, 411339
16079, 411440
16143, 411541
16143, 411641
16079, 411742
16079, 411843
16111, 411943
15951, 412044
16175, 412144
16023, 412246
16111, 412346
16191, 412446
16031, 412547
16079, 412648
16079, 412748
16143, 412849
16063, 412949
16063, 413050
16079, 413151
16079, 413251
16079, 413351
15999, 413453
16111, 413553
16079, 413654
16143, 413754
16111, 413855
16079, 413956
16191, 414056
16143, 414156
16287, 414258
16079, 414358
16023, 414458
16079, 414559
16207, 414660
16079, 414760
16079, 414861
16175, 414961
16111, 415063
16079, 415163
16207, 415263
15951, 415364
16207, 415465
16031, 415565
16079, 415666
16079, 415767
16175, 415867
16111, 415968
15951, 416068
15999, 416169
16143, 416270
16023, 416370
16175, 416471
16111, 416572
16111, 416672
16143, 416773
16031, 416873
16079, 416974
16143, 417075
15951, 417175
16063, 417275
16143, 417377
16079, 417477
16111, 417577
16175, 417678
16111, 417779
16079, 417880
16079, 417980
16207, 418080
15951, 418182
16287, 418282
16079, 418382
16175, 418483
16111, 418584
16143, 418684
16111, 418785
16111, 418885
16079, 418987
16079, 419087
16111, 419187
16207, 419288
16063, 419389
16207, 419489
16063, 419590
16207, 419691
15887, 419791
16191, 419892
16335, 419992
15999, 420093
16175, 420194
15999, 420294
16175, 420395
16063, 420496
16207, 420596
16059, 420697
16079, 420797
16031, 420898
16063, 420999
16063, 421099
16111, 421199
15999, 421301
16143, 421401
16111, 421501
15999, 421602
16019, 421703
16191, 421804
15999, 421904
16111, 422004
16207, 422106
16079, 422206
16031, 422306
16079, 422407
16111, 422508
16079, 422608
16079, 422709
16079, 422809
16143, 422910
16207, 423011
16063, 423111
16143, 423213
16175, 423313
16079, 423413
16191, 423514
16191, 423615
16079, 423715
16079, 423816
16079, 423916
16175, 424017
16191, 424118
16111, 424218
16079, 424318
16047, 424420
16191, 424520
16175, 424621
16111, 424721
16143, 424822
16143, 424923
16079, 425023
16023, 425123
16079, 425225
16055, 425325
16191, 425425
16063, 425526
16175, 425627
16055, 425728
16079, 425828
16111, 425928
15935, 426030
16143, 426130
16019, 426230
16207, 426331
16047, 426432
16191, 426532
16143, 426633
16143, 426734
16079, 426834
16079, 426935
16143, 427035
16143, 427137
16047, 427237
16079, 427337
16047, 427438
16143, 427539
16079, 427639
16079, 427740
16143, 427840
16079, 427941
16047, 428042
16079, 428142
16019, 428242
16111, 428344
16063, 428444
16111, 428545
16175, 428645
16079, 428746
16063, 428847
16207, 428947
16111, 429047
16071, 429149
16063, 429249
16079, 429349
16143, 429450
16175, 429551
16047, 429651
16079, 429752
16191, 429852
16111, 429954
16063, 430054
16079, 430154
16063, 430256
16175, 430356
16111, 430456
15991, 430557
16079, 430658
16111, 430758
16031, 430859
16079, 430959
16079, 431060
15999, 431161
16143, 431261
16047, 431362
16111, 431463
16047, 431563
16111, 431664
16031, 431764
16207, 431865
16079, 431966
15999, 432066
16079, 432166
15951, 432268
16111, 432368
16063, 432468
16111, 432569
16079, 432670
16079, 432771
16079, 432871
16143, 432971
15951, 433073
15951, 433173
16207, 433273
15951, 433374
16019, 433475
16023, 433575
16063, 433676
16191, 433777
16111, 433878
16055, 433978
16031, 434078
15999, 434180
16079, 434280
16079, 434380
16207, 434481
16191, 434582
16143, 434682
16031, 434783
16079, 434883
16031, 434984
16059, 435085
16143, 435185
16191, 435286
16175, 435387
16079, 435487
16063, 435588
16111, 435688
15935, 435789
16063, 435890
15951, 435990
15999, 436090
16063, 436192
16079, 436292
16079, 436392
16019, 436493
16079, 436594
16191, 436695
16047, 436795
16143, 436896
16063, 436997
16031, 437097
16143, 437197
16079, 437299
15951, 437399
16079, 437499
16111, 437600
16143, 437701
16039, 437801
15951, 437902
16111, 438002
16175, 438104
16143, 438204
16143, 438304
16079, 438405
16079, 438506
16111, 438606
16143, 438707
16111, 438807
16071, 438908
16023, 439009
16063, 439109
16191, 439209
16031, 439311
16175, 439411
15951, 439512
16111, 439612
16207, 439713
16191, 439814
16063, 439914
16063, 440015
15935, 440116
15919, 440216
16079, 440316
16143, 440418
16031, 440518
16143, 440619
16023, 440719
16079, 440820
16111, 440921
16175, 441021
16111, 441121
16143, 441223
16079, 441323
16079, 441423
16191, 441524
16031, 441625
16143, 441725
16271, 441826
16111, 441926
16143, 442028
16079, 442128
16027, 442228
15999, 442329
16175, 442430
16079, 442530
16143, 442631
16143, 442731
16079, 442832
16095, 442933
16079, 443033
16079, 443133
16031, 443235
16143, 443335
16143, 443436
16143, 443537
16111, 443637
16175, 443738
16079, 443838
16143, 443939
16047, 444040
16175, 444140
16063, 444240
16047, 444342
16207, 444442
16111, 444542
16111, 444643
16071, 444744
16143, 444845
16055, 444945
16111, 445045
15951, 445147
16175, 445247
16047, 445347
16191, 445448
16023, 445549
16191, 445649
15999, 445750
16175, 445850
16027, 445952
16207, 446052
16031, 446152
16111, 446253
16143, 446354
16047, 446454
16143, 446555
16063, 446656
16079, 446756
16175, 446857
16031, 446957
16111, 447058
16079, 447159
16079, 447259
16191, 447360
16143, 447461
16063, 447561
15999, 447662
16175, 447762
16191, 447863
16143, 447964
16071, 448064
16063, 448164
16143, 448266
16023, 448366
16079, 448466
16047, 448567
16055, 448668
16063, 448769
16059, 448869
16143, 448969
16207, 449071
16079, 449171
16111, 449271
16143, 449372
16055, 449473
16055, 449573
16019, 449674
16143, 449774
16175, 449875
16079, 449976
16111, 450076
16027, 450178
16207, 450278
16063, 450378
16191, 450479
16191, 450580
16059, 450680
15951, 450781
16063, 450881
16191, 450982
16079, 451083
16191, 451183
16111, 451283
16191, 451385
16079, 451485
16175, 451586
16111, 451686
16143, 451787
16143, 451888
16079, 451988
16079, 452088
15999, 452190
16079, 452290
16287, 452390
16047, 452491
16175, 452592
15999, 452692
16063, 452793
16143, 452893
16063, 452995
16063, 453095
16191, 453195
16111, 453296
16175, 453397
16143, 453497
16031, 453598
16143, 453699
16207, 453799
16063, 453900
16079, 454000
16079, 454102
16079, 454202
16023, 454302
16059, 454403
16079, 454504
16175, 454604
16143, 454705
15999, 454805
16143, 454906
16063, 455007
16063, 455107
16047, 455207
16063, 455309
16079, 455409
16079, 455510
16079, 455610
16143, 455711
15999, 455812
16111, 455912
16111, 456012
16111, 456114
16175, 456214
16143, 456314
16271, 456415
16175, 456516
16079, 456616
15951, 456717
16111, 456817
16143, 456919
16191, 457019
15951, 457119
16031, 457221
16143, 457321
16079, 457421
16143, 457522
16143, 457623
16079, 457723
16063, 457824
16143, 457924
16027, 458025
15999, 458126
16143, 458226
16063, 458327
16175, 458428
16143, 458528
16079, 458629
16111, 458729
16111, 458830
16143, 458931
16143, 459031
16143, 459131
16111, 459233
16143, 459333
16143, 459433
15999, 459534
16111, 459635
16055, 459736
16175, 459836
16143, 459936
16111, 460038
16111, 460138
16079, 460238
16111, 460340
16079, 460440
16079, 460540
16111, 460641
16111, 460742
16055, 460843
16047, 460943
15999, 461043
16079, 461145
16063, 461245
16111, 461345
16175, 461446
16031, 461547
16191, 461647
16143, 461748
16111, 461848
16031, 461949
16063, 462050
16079, 462150
16063, 462251
16063, 462352
16023, 462452
16175, 462553
16079, 462653
15951, 462754
16079, 462855
16047, 462955
16207, 463055
16111, 463157
16207, 463257
16079, 463357
16207, 463459
15999, 463559
16143, 463660
16191, 463760
16019, 463861
16175, 463962
16111, 464062
15887, 464162
16079, 464264
16023, 464364
16031, 464464
16079, 464565
16111, 464666
16111, 464766
16079, 464867
16047, 464967
16063, 465069
16111, 465169
16079, 465269
16143, 465370
16079, 465471
16175, 465571
16063, 465672
16143, 465772
16047, 465873
16143, 465974
16079, 466074
16175, 466174
16079, 466276
16063, 466376
16079, 466477
16191, 466577
16079, 466678
16111, 466779
16191, 466879
16031, 466980
16079, 467081
16207, 467181
16079, 467281
16207, 467383
16111, 467483
16063, 467584
16111, 467684
15999, 467785
16287, 467886
16143, 467986
16191, 468086
15951, 468188
16079, 468288
15935, 468388
16079, 468489
16055, 468590
16079, 468690
16079, 468791
16111, 468891
16111, 468993
15951, 469093
16079, 469193
16079, 469294
16019, 469395
16111, 469495
16175, 469596
16143, 469696
15951, 469797
16079, 469898
16175, 469998
16079, 470099
16079, 470200
15999, 470300
16031, 470401
16143, 470502
16079, 470602
16111, 470703
16111, 470803
16111, 470904
15951, 471005
16111, 471105
16047, 471205
16047, 471307
16063, 471407
16031, 471507
16175, 471608
16191, 471709
16079, 471810
16143, 471910
16079, 472010
16079, 472112
16111, 472212
16079, 472312
16047, 472413
16143, 472514
15999, 472614
16019, 472715
16079, 472815
16079, 472916
16063, 473017
16095, 473117
15999, 473219
16079, 473319
16047, 473419
16191, 473520
16191, 473621
16175, 473721
16031, 473822
16143, 473922
16055, 474023
16143, 474124
16191, 474224
16111, 474324
16111, 474426
16207, 474526
16143, 474627
16079, 474727
16079, 474828
16063, 474929
16111, 475029
16143, 475129
16111, 475231
16059, 475331
16143, 475431
16207, 475532
16063, 475633
16055, 475734
16019, 475834
16079, 475934
16031, 476036
16031, 476136
16111, 476236
16047, 476338
16143, 476438
16111, 476538
16111, 476639
16063, 476740
16143, 476840
15951, 476941
16079, 477041
16111, 477143
16079, 477243
16079, 477343
16027, 477444
16175, 477545
16079, 477645
16111, 477746
15951, 477846
16143, 477947
16055, 478048
16175, 478148
15951, 478248
16175, 478350
16143, 478450
16111, 478551
16063, 478651
16111, 478752
15951, 478853
16079, 478953
16191, 479053
15991, 479155
16175, 479255
16079, 479355
16027, 479457
16063, 479557
16191, 479657
16079, 479758
16055, 479859
16191, 479960
16079, 480060
16079, 480160
16079, 480262
16207, 480362
16111, 480462
16207, 480563
16079, 480664
16079, 480764
16031, 480865
16079, 480965
15991, 481067
16111, 481167
16207, 481267
16111, 481368
16143, 481469
16111, 481569
16143, 481670
16079, 481770
16079, 481871
16191, 481972
16079, 482072
16031, 482172
16071, 482274
16111, 482374
16063, 482475
16079, 482575
16143, 482676
16055, 482777
16079, 482877
16255, 482978
16111, 483079
16111, 483179
15999, 483279
16207, 483381
16063, 483481
16047, 483581
16111, 483682
16111, 483783
16175, 483884
16079, 483984
16055, 484084
16175, 484186
16019, 484286
16111, 484386
16143, 484487
15951, 484588
16111, 484688
16055, 484789
16175, 484889
16143, 484990
16143, 485091
15991, 485191
16143, 485292
16079, 485393
16079, 485493
16207, 485594
16111, 485694
16055, 485795
16059, 485896
16143, 485996
16111, 486097
16111, 486198
16063, 486298
16079, 486398
16079, 486500
16079, 486600
16079, 486701
16175, 486801
16143, 486902
16079, 487003
16079, 487103
16031, 487203
16207, 487305
16143, 487405
16079, 487505
16111, 487606
16079, 487707
16191, 487808
16271, 487908
16055, 488008
16143, 488110
16079, 488210
16079, 488310
16079, 488411
16079, 488512
16079, 488612
16111, 488713
16079, 488813
16111, 488914
16271, 489015
16031, 489115
16143, 489216
16047, 489317
16191, 489417
16143, 489518
16207, 489619
16047, 489719
16143, 489820
16079, 489920
16019, 490021
16191, 490122
16175, 490222
15999, 490322
16207, 490424
15999, 490524
16111, 490625
16143, 490725
16143, 490826
16143, 490927
16079, 491027
16111, 491127
16175, 491229
16079, 491329
16079, 491429
16111, 491530
16111, 491631
16079, 491731
16111, 491832
16111, 491932
16047, 492034
16111, 492134
16143, 492234
16175, 492335
16031, 492436
16191, 492536
16079, 492637
16063, 492738
16111, 492838
16143, 492939
16079, 493039
16111, 493140
16079, 493241
16175, 493341
16111, 493442
16207, 493543
16031, 493643
16079, 493744
16143, 493844
16063, 493945
16207, 494046
16143, 494146
16207, 494246
16143, 494348
16191, 494448
16031, 494548
16111, 494649
16143, 494750
16079, 494851
16111, 494951
16111, 495051
16111, 495153
15991, 495253
16143, 495353
16079, 495454
16079, 495555
16175, 495655
16079, 495756
16031, 495856
16207, 495958
16143, 496058
16111, 496158
16023, 496260
16111, 496360
16143, 496460
16191, 496561
16079, 496662
16175, 496762
16055, 496863
16143, 496963
16111, 497064
16255, 497165
16207, 497265
16175, 497366
16207, 497467
16095, 497567
16111, 497668
16023, 497768
16079, 497869
16039, 497970
16191, 498070
16079, 498170
16079, 498272
16079, 498372
16063, 498472
16079, 498573
16111, 498674
16047, 498775
16143, 498875
16111, 498975
16207, 499077
16023, 499177
16191, 499277
16143, 499379
16039, 499479
16143, 499579
16023, 499680
15951, 499781
16143, 499881
16079, 499982
16031, 500082
16111, 500184
16079, 500284
16063, 500384
16031, 500485
16111, 500586
15999, 500686
16175, 500787
16063, 500887
16207, 500988
16143, 501089
16079, 501189
15999, 501289
16079, 501391
16143, 501491
16143, 501592
16111, 501692
16079, 501793
16079, 501894
16207, 501994
16207, 502094
16143, 502196
16143, 502296
16207, 502396
16111, 502497
16023, 502598
16111, 502699
16079, 502799
16079, 502900
16111, 503001
15999, 503101
16079, 503201
16111, 503303
16111, 503403
16191, 503503
16063, 503604
16031, 503705
16055, 503805
16079, 503906
15935, 504006
16207, 504108
15999, 504208
16063, 504308
16143, 504409
16111, 504510
16047, 504610
16079, 504711
16191, 504811
16191, 504912
16143, 505013
16055, 505113
16111, 505213
16079, 505315
16143, 505415
16143, 505516
16079, 505617
16079, 505717
16047, 505818
16079, 505918
15999, 506019
16111, 506120
16079, 506220
16143, 506320
16191, 506422
16191, 506522
15999, 506622
16079, 506723
16111, 506824
16031, 506925
16143, 507025
16287, 507125
16143, 507227
16191, 507327
16031, 507427
16143, 507528
16191, 507629
16143, 507729
16063, 507830
16063, 507930
16191, 508032
16207, 508132
16031, 508232
16143, 508333
16079, 508434
16191, 508534
16143, 508635
16059, 508736
16079, 508836
16111, 508937
16175, 509037
16143, 509138
16175, 509239
16255, 509339
16143, 509440
16039, 509541
16175, 509641
16191, 509742
16079, 509842
16143, 509943
16079, 510044
16175, 510144
16019, 510244
16111, 510346
16111, 510446
16063, 510546
16031, 510647
16143, 510748
16255, 510849
16079, 510949
16079, 511049
16111, 511151
16079, 511251
16191, 511351
16079, 511453
16047, 511553
15935, 511653
16191, 511754
16175, 511855
16079, 511955
16079, 512056
16191, 512156
16143, 512258
16111, 512358
16079, 512458
16079, 512559
16143, 512660
16143, 512760
16255, 512861
16079, 512961
16255, 513062
16023, 513163
16079, 513263
16079, 513363
15999, 513465
16143, 513565
16023, 513666
16079, 513766
16191, 513867
16031, 513968
16031, 514068
16111, 514168
16079, 514270
16143, 514370
16063, 514470
16031, 514571
16111, 514672
15951, 514772
16063, 514873
16063, 514973
16255, 515075
16175, 515175
16271, 515275
16031, 515376
16191, 515477
16095, 515577
16175, 515678
16143, 515779
16191, 515879
16031, 515980
16143, 516080
16143, 516182
16143, 516282
16063, 516382
16143, 516483
16063, 516584
16047, 516684
16191, 516785
16175, 516885
16079, 516986
16111, 517087
16143, 517187
16023, 517287
16143, 517389
16031, 517489
16063, 517590
16079, 517690
16079, 517791
16079, 517892
16031, 517992
16143, 518092
16079, 518194
15887, 518294
16175, 518394
16191, 518495
16095, 518596
16143, 518696
16079, 518797
16063, 518897
16079, 518999
16143, 519099
16079, 519199
16079, 519301
16111, 519401
16055, 519501
16191, 519602
16111, 519703
16175, 519803
16191, 519904
16063, 520004
16111, 520105
16047, 520206
16079, 520306
16079, 520407
16079, 520508
16143, 520608
16143, 520709
16079, 520809
16111, 520910
16111, 521011
16207, 521111
16143, 521211
16063, 521313
16079, 521413
16063, 521513
16111, 521614
16143, 521715
16023, 521816
16143, 521916
16191, 522016
16031, 522118
16111, 522218
16111, 522318
16079, 522419
16095, 522520
16031, 522620
16207, 522721
16039, 522822
16143, 522923
16023, 523023
16143, 523123
16111, 523225
16191, 523325
16079, 523425
16063, 523526
16191, 523627
16111, 523727
15991, 523828
16031, 523928
16207, 524029
16143, 524130
16175, 524230
16143, 524331
16047, 524432
16255, 524532
16079, 524633
16191, 524733
16079, 524834
16079, 524935
16111, 525035
16063, 525135
16063, 525237
16143, 525337
16079, 525437
16079, 525538
16143, 525639
16079, 525740
16023, 525840
16031, 525941
16079, 526042
16191, 526142
16079, 526242
15999, 526344
16079, 526444
16207, 526544
16047, 526645
16079, 526746
16031, 526846
16191, 526947
16079, 527047
16055, 527149
16143, 527249
16079, 527349
16111, 527450
16207, 527551
16207, 527651
16079, 527752
16111, 527852
16079, 527953
16079, 528054
16111, 528154
16063, 528254
16111, 528356
16079, 528456
16079, 528557
16143, 528657
16111, 528758
16047, 528859
16079, 528959
16143, 529059
16111, 529161
16031, 529261
16143, 529361
16111, 529463
16071, 529563
15999, 529664
16143, 529764
16063, 529865
16111, 529966
16175, 530066
16079, 530166
16143, 530268
16143, 530368
16079, 530468
16079, 530569
16031, 530670
16079, 530770
15991, 530871
15999, 530971
16143, 531073
16079, 531173
16111, 531273
16079, 531374
16079, 531475
15951, 531575
16111, 531676
16027, 531776
16111, 531877
16191, 531978
16079, 532078
16143, 532178
16079, 532280
16063, 532380
16111, 532481
16191, 532582
16191, 532682
16111, 532783
16047, 532883
16111, 532984
16191, 533085
16143, 533185
16191, 533285
16027, 533387
16175, 533487
16191, 533587
16111, 533688
16175, 533789
16111, 533890
16047, 533990
16143, 534090
16079, 534192
16079, 534292
16079, 534392
16207, 534493
16143, 534594
16063, 534694
16207, 534795
16191, 534895
16079, 534996
16079, 535097
16111, 535197
16031, 535298
16055, 535399
15999, 535499
16143, 535600
16143, 535700
15951, 535801
16143, 535902
16063, 536002
16143, 536103
16143, 536204
16191, 536304
16175, 536404
16063, 536506
16143, 536606
16031, 536707
16111, 536807
16143, 536908
16111, 537009
16079, 537109
16143, 537209
16079, 537311
16143, 537411
16063, 537511
16079, 537612
16111, 537713
16031, 537814
16079, 537914
15951, 538014
16079, 538116
15935, 538216
16111, 538316
16063, 538417
16207, 538518
16111, 538618
16143, 538719
16143, 538819
16055, 538920
16079, 539021
16079, 539121
16143, 539222
16079, 539323
16207, 539423
16111, 539524
16079, 539625
16143, 539725
16079, 539826
16019, 539926
16079, 540027
16207, 540128
16063, 540228
16079, 540328
16079, 540430
16079, 540530
16175, 540631
16079, 540731
16031, 540832
16111, 540933
16191, 541033
16079, 541133
16111, 541235
16143, 541335
16191, 541435
16335, 541536
15951, 541637
16207, 541737
16191, 541838
16047, 541938
15951, 542040
16191, 542140
16111, 542240
16143, 542341
16143, 542442
16143, 542542
16175, 542643
16111, 542743
16175, 542844
16143, 542945
16143, 543045
16143, 543147
15991, 543247
16063, 543347
16207, 543448
16143, 543549
16079, 543649
16143, 543750
16047, 543850
16143, 543951
16143, 544052
16079, 544152
16111, 544252
16039, 544354
16079, 544454
16111, 544555
16063, 544655
16079, 544756
16055, 544857
16143, 544957
16079, 545057
16063, 545159
16111, 545259
16079, 545359
16055, 545460
16175, 545561
16079, 545661
16071, 545762
16079, 545862
16111, 545964
16143, 546064
16191, 546164
16207, 546266
16023, 546366
16111, 546466
16023, 546567
16055, 546668
15935, 546768
16255, 546869
15999, 546969
16079, 547070
16079, 547171
16111, 547271
16175, 547372
16111, 547473
16143, 547573
16079, 547674
16063, 547774
16047, 547875
16143, 547976
16079, 548076
16047, 548176
16047, 548278
16175, 548378
15999, 548478
16079, 548579
15999, 548680
16143, 548781
16095, 548881
16111, 548981
16143, 549083
16175, 549183
16191, 549283
16143, 549385
16143, 549485
15951, 549585
16143, 549686
16111, 549787
16031, 549888
16079, 549988
16079, 550088
16111, 550190
16023, 550290
16175, 550390
16079, 550491
16143, 550592
16143, 550692
16111, 550793
16063, 550893
16063, 550994
16079, 551095
16143, 551195
16111, 551296
16191, 551397
16111, 551497
16047, 551598
16063, 551698
16143, 551799
16079, 551900
15999, 552000
16143, 552100
16079, 552202
16095, 552302
16063, 552402
16023, 552504
15999, 552604
15951, 552705
16063, 552805
15951, 552906
16079, 553007
16079, 553107
16079, 553207
16143, 553309
16047, 553409
16111, 553509
16063, 553610
16079, 553711
16143, 553811
16175, 553912
16063, 554012
16031, 554114
16111, 554214
16063, 554314
16207, 554415
16079, 554516
16079, 554616
16143, 554717
16143, 554817
16191, 554918
16027, 555019
16023, 555119
16063, 555219
16143, 555321
16191, 555421
16055, 555522
16207, 555622
16207, 555723
16143, 555824
16079, 555924
15999, 556025
16079, 556126
16079, 556226
16031, 556326
16143, 556428
16143, 556528
16111, 556628
16111, 556729
15999, 556830
16079, 556931
16079, 557031
16047, 557131
16047, 557233
16175, 557333
16111, 557433
16143, 557534
16063, 557635
16143, 557735
16111, 557836
16111, 557936
16175, 558038
16031, 558138
16175, 558238
16047, 558339
16111, 558440
16063, 558540
16207, 558641
15999, 558741
16143, 558842
16019, 558943
16175, 559043
16191, 559144
16063, 559245
16079, 559345
16111, 559446
16079, 559547
15999, 559647
16207, 559748
16063, 559848
16143, 559949
16319, 560050
16055, 560150
16031, 560250
16111, 560352
15999, 560452
16143, 560552
16023, 560653
16111, 560754
16079, 560855
16111, 560955
16191, 561055
16063, 561157
16191, 561257
16079, 561357
16207, 561458
16255, 561559
16207, 561659
16207, 561760
16143, 561860
16079, 561961
15991, 562062
16079, 562162
16111, 562264
16079, 562364
16143, 562464
16111, 562565
16079, 562666
16191, 562766
16079, 562867
16207, 562967
16111, 563068
16207, 563169
16031, 563269
16031, 563369
16143, 563471
16143, 563571
16047, 563672
16175, 563772
16019, 563873
16175, 563974
16143, 564074
16063, 564174
16207, 564276
16143, 564376
16079, 564476
16111, 564577
16047, 564678
16071, 564779
15951, 564879
16063, 564979
16079, 565081
16079, 565181
16079, 565281
16047, 565383
16111, 565483
16079, 565583
16047, 565684
16143, 565785
16191, 565885
16079, 565986
16079, 566086
16207, 566188
16207, 566288
16031, 566388
16079, 566489
16063, 566590
16079, 566690
16143, 566791
16111, 566891
16063, 566992
16079, 567093
16143, 567193
16175, 567293
16079, 567395
16079, 567495
16207, 567596
16175, 567696
15935, 567797
16079, 567898
16031, 567998
16143, 568098
16207, 568200
16111, 568300
16111, 568400
16175, 568502
16079, 568602
16079, 568702
16143, 568803
16175, 568904
16143, 569005
16079, 569105
16143, 569205
16079, 569307
16175, 569407
16047, 569507
16079, 569608
16175, 569709
16207, 569809
16079, 569910
16063, 570010
16079, 570112
16111, 570212
16175, 570312
16143, 570413
16143, 570514
16111, 570614
16111, 570715
15951, 570815
16111, 570916
16063, 571017
16031, 571117
16063, 571217
16047, 571319
16079, 571419
16207, 571520
16079, 571621
16111, 571721
16143, 571822
16079, 571922
16063, 572023
16143, 572124
16207, 572224
16047, 572324
16175, 572426
15999, 572526
16063, 572626
16191, 572727
16143, 572828
16111, 572929
16207, 573029
16111, 573129
16191, 573231
16079, 573331
16175, 573431
16143, 573532
16079, 573633
16143, 573733
15935, 573834
16143, 573934
16191, 574035
16143, 574136
16303, 574236
16079, 574337
16063, 574438
16191, 574538
16063, 574639
16175, 574740
16079, 574840
16063, 574941
16143, 575041
16047, 575142
16191, 575243
16143, 575343
16143, 575443
16111, 575545
16063, 575645
16191, 575746
16063, 575846
16191, 575947
16271, 576048
16207, 576148
16143, 576248
16063, 576350
16079, 576450
16207, 576550
16023, 576651
16111, 576752
16079, 576852
16111, 576953
16031, 577053
16143, 577155
16143, 577255
16207, 577355
16143, 577456
16143, 577557
16207, 577657
16079, 577758
16079, 577858
16111, 577959
16207, 578060
16079, 578160
16059, 578262
16207, 578362
16079, 578462
16079, 578563
16143, 578664
16175, 578764
16111, 578865
16079, 578965
16191, 579066
15999, 579167
16063, 579267
16031, 579367
16095, 579469
16019, 579569
16111, 579670
16111, 579770
16175, 579871
16191, 579972
16079, 580072
15951, 580172
16111, 580274
16079, 580374
16047, 580474
16063, 580575
16207, 580676
16143, 580776
16079, 580877
16143, 580977
16111, 581079
16191, 581179
16175, 581279
16063, 581380
16175, 581481
16143, 581581
16143, 581682
16079, 581783
16111, 581883
16079, 581984
16111, 582084
16175, 582185
15951, 582286
16175, 582386
16207, 582487
16111, 582588
16207, 582688
16175, 582789
16111, 582889
16047, 582990
16079, 583091
16111, 583191
16143, 583291
16143, 583393
16111, 583493
16079, 583593
16079, 583694
16047, 583795
16175, 583896
15951, 583996
16175, 584096
16063, 584198
16191, 584298
16079, 584398
16111, 584499
16191, 584600
16019, 584700
16095, 584801
16079, 584902
16111, 585003
16079, 585103
16079, 585203
16287, 585305
16111, 585405
16111, 585505
16143, 585606
16023, 585707
16063, 585807
15999, 585908
16175, 586008
16255, 586109
16111, 586210
16111, 586310
16079, 586411
16255, 586512
16063, 586612
16191, 586713
16207, 586813
16063, 586914
16079, 587015
16191, 587115
16111, 587215
16175, 587317
16111, 587417
16255, 587517
16055, 587618
16055, 587719
16027, 587820
16031, 587920
16079, 588020
16031, 588122
16111, 588222
16111, 588322
16063, 588424
16071, 588524
16079, 588624
16079, 588725
16143, 588826
16207, 588926
15951, 589027
16079, 589127
16055, 589229
16079, 589329
16143, 589429
16079, 589530
16191, 589631
16111, 589731
16079, 589832
16079, 589932
16079, 590033
16079, 590134
16027, 590234
16111, 590334
16031, 590436
16207, 590536
16191, 590637
16063, 590737
16111, 590838
16031, 590939
16143, 591039
16031, 591139
16143, 591241
16019, 591341
16079, 591441
16055, 591543
16175, 591643
16111, 591744
16095, 591844
16143, 591945
16207, 592046
16039, 592146
16079, 592246
15935, 592348
16063, 592448
16207, 592548
16079, 592649
16031, 592750
16191, 592850
16175, 592951
16207, 593051
16031, 593153
16059, 593253
16111, 593353
16063, 593454
16063, 593555
15999, 593655
16079, 593756
16031, 593856
16207, 593957
16079, 594058
16111, 594158
16047, 594258
16079, 594360
15999, 594460
16191, 594561
16031, 594662
16111, 594762
16143, 594863
16095, 594963
16079, 595064
16111, 595165
16079, 595265
16031, 595365
16143, 595467
16047, 595567
16111, 595667
16111, 595768
16143, 595869
16063, 595970
16079, 596070
16031, 596170
16111, 596272
16143, 596372
16143, 596472
16143, 596573
16207, 596674
16079, 596774
16111, 596875
16111, 596975
16079, 597076
16143, 597177
16207, 597277
16079, 597378
16111, 597479
16111, 597579
16079, 597680
16079, 597781
