16175, 1087
16207, 1187
16079, 1288
16055, 1388
16079, 1488
16175, 1589
16191, 1690
16143, 1790
16191, 1891
16143, 1991
16019, 2092
16143, 2192
16079, 2293
16059, 2394
16191, 2494
15887, 2594
16023, 2695
16191, 2795
16143, 2896
16111, 2997
16143, 3097
16047, 3197
16111, 3298
16079, 3398
16143, 3500
16175, 3600
16063, 3700
16071, 3801
16175, 3901
16079, 4001
16063, 4102
16023, 4203
16063, 4303
16175, 4404
16143, 4504
16079, 4604
16207, 4705
16191, 4806
16143, 4907
16111, 5007
16079, 5107
16111, 5208
15999, 5308
16059, 5409
16079, 5510
16191, 5610
16143, 5710
16143, 5811
15887, 5911
16031, 6012
16111, 6113
16079, 6213
16207, 6313
16079, 6414
16063, 6514
16143, 6616
16079, 6716
16079, 6816
16079, 6917
16111, 7017
16055, 7117
16111, 7218
16027, 7319
16079, 7419
16111, 7520
16175, 7620
16399, 7720
16255, 7821
16143, 7922
16039, 8023
16191, 8123
16079, 8223
16111, 8324
15999, 8424
16079, 8525
16039, 8626
16111, 8726
16207, 8826
16143, 8927
16191, 9027
16143, 9128
16079, 9229
15999, 9329
15935, 9430
15935, 9530
16191, 9630
16055, 9732
16063, 9832
16207, 9932
16079, 10033
16143, 10133
16079, 10233
16079, 10335
16079, 10435
16023, 10535
16031, 10636
16047, 10736
15999, 10838
16207, 10938
15999, 11038
16019, 11139
16063, 11239
16191, 11340
16079, 11441
16143, 11541
16143, 11641
16079, 11742
16143, 11843
16055, 11943
16175, 12044
16111, 12144
16143, 12244
15999, 12346
16143, 12446
16143, 12547
16063, 12647
16143, 12748
16303, 12849
16079, 12949
16207, 13049
16111, 13150
16111, 13251
16079, 13351
16143, 13452
16079, 13552
16063, 13652
16111, 13754
16175, 13854
16079, 13955
16255, 14055
16079, 14155
16019, 14257
16079, 14357
15951, 14457
16079, 14558
16191, 14658
16143, 14759
16111, 14860
16079, 14960
16079, 15060
16079, 15161
16111, 15262
16111, 15363
16191, 15463
16191, 15563
16271, 15664
16111, 15765
16031, 15865
16063, 15966
16175, 16066
16175, 16166
16175, 16268
16191, 16368
16063, 16468
16143, 16569
16143, 16669
16143, 16771
16047, 16871
16143, 16971
16111, 17072
16207, 17173
16079, 17273
16287, 17374
16063, 17474
16111, 17574
16111, 17676
16111, 17776
16255, 17876
16079, 17977
16111, 18077
16111, 18179
16079, 18279
16143, 18379
16191, 18480
16143, 18580
16287, 18681
16063, 18782
16079, 18882
16111, 18982
16079, 19083
16143, 19184
16079, 19284
16111, 19385
16111, 19485
16143, 19586
16111, 19687
16063, 19787
16079, 19888
15999, 19988
16111, 20088
16059, 20190
16079, 20290
16079, 20390
16143, 20491
16031, 20591
15951, 20692
16023, 20793
16079, 20893
16191, 20994
16111, 21095
16143, 21195
16079, 21296
16143, 21396
16079, 21496
16079, 21598
16111, 21698
16111, 21798
16111, 21899
16143, 21999
16207, 22100
16143, 22201
16143, 22301
16031, 22402
16079, 22502
16031, 22603
16063, 22704
16175, 22804
16191, 22904
16175, 23005
16111, 23106
15999, 23206
15951, 23307
16031, 23407
16175, 23507
16111, 23609
15999, 23709
16191, 23810
16079, 23910
16079, 24010
16143, 24112
16111, 24212
16143, 24312
16175, 24413
16143, 24513
16111, 24614
16111, 24715
16111, 24815
16063, 24915
16063, 25017
16143, 25117
16143, 25218
16207, 25318
16143, 25418
16111, 25520
16063, 25620
16111, 25720
16111, 25821
16079, 25921
16031, 26022
15951, 26123
16023, 26223
15951, 26323
16175, 26424
16143, 26525
16207, 26626
16023, 26726
16111, 26826
16143, 26927
16079, 27028
16191, 27128
16079, 27229
16111, 27329
16143, 27429
16255, 27531
16023, 27631
15887, 27731
16079, 27832
16079, 27932
16111, 28034
16207, 28134
16111, 28234
16079, 28335
16143, 28435
16191, 28536
16175, 28637
16079, 28737
16255, 28837
16031, 28939
16111, 29039
16063, 29139
16079, 29240
16079, 29340
16055, 29442
16079, 29542
16175, 29642
16079, 29743
16079, 29843
16055, 29944
16059, 30045
16143, 30145
16111, 30245
16111, 30346
16079, 30447
16055, 30547
15999, 30648
16111, 30748
16095, 30849
16175, 30950
16111, 31050
16143, 31151
16191, 31251
16063, 31351
16031, 31453
16111, 31553
16111, 31653
16079, 31754
16079, 31854
16143, 31955
16079, 32056
16143, 32156
16063, 32257
16079, 32357
16063, 32458
16055, 32559
16079, 32659
16143, 32759
16207, 32861
16191, 32961
16079, 33061
16143, 33162
16063, 33262
16175, 33363
16079, 33464
16079, 33564
16079, 33665
16047, 33765
16071, 33866
15951, 33967
16111, 34067
16111, 34167
16207, 34268
16079, 34369
15951, 34469
16143, 34570
16111, 34670
16071, 34770
16079, 34872
16079, 34972
16079, 35073
16047, 35173
16191, 35273
16111, 35375
16111, 35475
16191, 35575
16303, 35676
16095, 35776
16143, 35877
15951, 35978
16079, 36078
16079, 36178
16031, 36280
16111, 36380
16063, 36481
16319, 36581
15951, 36681
16175, 36783
16111, 36883
16079, 36983
16023, 37084
16079, 37184
16143, 37285
16031, 37386
16111, 37486
16143, 37586
16191, 37687
16031, 37788
15999, 37889
16079, 37989
16063, 38089
16111, 38190
16031, 38291
15999, 38391
16079, 38492
16207, 38592
16055, 38692
16063, 38794
16079, 38894
16143, 38994
16079, 39095
16143, 39195
16079, 39297
16079, 39397
16079, 39497
16111, 39598
16063, 39698
16207, 39799
16191, 39900
16143, 40000
16059, 40100
16095, 40201
16111, 40302
16191, 40402
16207, 40503
16111, 40603
16079, 40705
16143, 40805
16023, 40905
16095, 41006
16143, 41106
16079, 41207
16023, 41308
16063, 41408
16111, 41508
16143, 41609
16079, 41710
16111, 41810
16143, 41911
16143, 42011
16063, 42112
16143, 42213
16079, 42313
16063, 42414
16111, 42514
16143, 42614
16031, 42716
16079, 42816
16111, 42916
16111, 43017
16143, 43117
16047, 43218
16079, 43319
16271, 43419
16175, 43520
16111, 43620
16079, 43721
16111, 43822
16055, 43922
16079, 44022
16079, 44124
16207, 44224
16063, 44324
16111, 44425
16063, 44525
15951, 44626
16191, 44727
16079, 44827
16079, 44928
16079, 45028
16111, 45129
16207, 45230
16079, 45330
16023, 45430
16079, 45531
16079, 45632
16191, 45732
16143, 45833
16111, 45933
16079, 46033
16175, 46135
16207, 46235
16079, 46336
16031, 46436
15951, 46536
16079, 46638
16143, 46738
16111, 46838
16063, 46939
16047, 47039
16207, 47140
16019, 47241
16175, 47341
16191, 47441
16079, 47542
16063, 47643
16191, 47744
16095, 47844
16079, 47944
16175, 48045
16207, 48146
16111, 48246
16079, 48347
16191, 48447
16079, 48548
16079, 48649
16191, 48749
16143, 48849
16063, 48950
16111, 49051
16111, 49152
16191, 49252
16143, 49352
16175, 49453
16079, 49554
16143, 49654
16023, 49755
16079, 49855
16175, 49955
16063, 50057
16191, 50157
15887, 50257
16079, 50358
16191, 50458
16079, 50560
16143, 50660
16175, 50760
16079, 50861
16079, 50961
16191, 51062
15991, 51163
16079, 51263
16191, 51363
16207, 51464
16063, 51565
16055, 51665
16111, 51766
15999, 51866
16175, 51966
16079, 52068
16031, 52168
16079, 52269
16111, 52369
16111, 52470
16143, 52571
16207, 52671
16191, 52771
16143, 52872
16143, 52973
16175, 53073
16079, 53174
16143, 53274
16063, 53374
16079, 53476
16079, 53576
16079, 53677
16079, 53777
16207, 53877
16111, 53979
16143, 54079
16143, 54179
16175, 54280
16191, 54380
16031, 54481
16079, 54582
16143, 54682
16019, 54782
16055, 54883
16111, 54984
16143, 55085
16055, 55185
16287, 55285
16191, 55386
16079, 55487
16063, 55587
16079, 55688
16111, 55788
16143, 55888
16143, 55990
16287, 56090
16143, 56190
16175, 56291
16143, 56392
16191, 56493
16191, 56593
16055, 56693
16111, 56794
16175, 56895
16079, 56995
16175, 57096
16079, 57196
16079, 57296
16111, 57398
16027, 57498
16063, 57598
16143, 57699
16175, 57799
16111, 57901
16023, 58001
16191, 58101
16175, 58202
16143, 58302
15999, 58403
16079, 58504
16079, 58604
16095, 58704
16111, 58805
16019, 58906
16047, 59006
16063, 59107
16207, 59207
15951, 59308
16143, 59409
16019, 59509
16143, 59610
16191, 59710
16063, 59810
16031, 59912
16111, 60012
16079, 60112
16023, 60213
16143, 60314
16079, 60414
16111, 60515
16175, 60615
16111, 60716
16143, 60817
16055, 60917
16095, 61018
15951, 61118
16143, 61218
16303, 61320
16063, 61420
16063, 61520
16143, 61621
16207, 61721
16143, 61822
16143, 61923
16191, 62023
16079, 62124
16191, 62224
16111, 62325
16071, 62426
15951, 62526
16063, 62626
16031, 62727
16079, 62828
16079, 62928
16207, 63029
16079, 63129
16023, 63229
15935, 63331
16111, 63431
16255, 63532
16191, 63632
16063, 63733
16207, 63834
16207, 63934
16143, 64034
16143, 64135
16143, 64236
16079, 64336
16111, 64437
16111, 64537
16175, 64637
16111, 64739
16055, 64839
16111, 64940
16207, 65040
16207, 65140
16019, 65242
16079, 65342
16079, 65442
16111, 65543
16143, 65643
16143, 65744
16079, 65845
16335, 65945
16047, 66045
16079, 66146
16207, 66247
16079, 66348
16191, 66448
16079, 66548
16047, 66649
15951, 66750
16027, 66850
15951, 66951
16079, 67051
16143, 67152
16063, 67253
16207, 67353
16031, 67453
16031, 67554
16079, 67655
16111, 67756
16207, 67856
16143, 67956
16079, 68057
16063, 68158
16143, 68258
16079, 68359
16143, 68459
16079, 68559
16143, 68661
16143, 68761
16111, 68861
16191, 68962
16111, 69062
16079, 69164
16175, 69264
16079, 69364
16079, 69465
16207, 69565
16175, 69666
16079, 69767
16143, 69867
16207, 69967
16143, 70068
16079, 70169
16071, 70269
16111, 70370
16055, 70470
16175, 70571
15951, 70672
16191, 70772
16047, 70873
16063, 70973
16191, 71074
16207, 71175
16079, 71275
16207, 71375
16019, 71476
16111, 71577
16191, 71677
16143, 71778
16111, 71878
16207, 71979
16111, 72080
16079, 72180
16111, 72281
16079, 72381
16255, 72481
16111, 72583
16111, 72683
16191, 72783
15999, 72884
16191, 72984
16079, 73085
16063, 73186
16063, 73286
16143, 73387
16143, 73487
16191, 73588
16111, 73689
16191, 73789
16055, 73889
16031, 73990
16111, 74091
16079, 74191
16143, 74292
16143, 74392
16079, 74493
16031, 74594
16023, 74694
16063, 74795
16063, 74895
16079, 74996
16079, 75097
16071, 75197
16207, 75297
16111, 75398
16079, 75499
16175, 75599
16175, 75700
16191, 75800
16079, 75900
16079, 76002
16079, 76102
16031, 76203
15935, 76303
16111, 76403
16207, 76505
16079, 76605
16079, 76705
16255, 76806
16191, 76906
16207, 77007
16079, 77108
16255, 77208
16079, 77308
16079, 77409
16055, 77510
16063, 77611
16191, 77711
16079, 77811
16111, 77913
16207, 78013
16111, 78113
16079, 78214
16191, 78314
15999, 78415
16175, 78516
15951, 78616
16143, 78716
16175, 78817
16207, 78918
16079, 79019
16143, 79119
16063, 79219
16191, 79320
16047, 79421
16047, 79521
16191, 79622
16111, 79722
16143, 79822
16175, 79924
16023, 80024
16143, 80124
16031, 80225
16143, 80325
16063, 80427
16031, 80527
16143, 80627
16079, 80728
16079, 80829
16079, 80929
16079, 81030
16111, 81130
16063, 81230
16111, 81332
16079, 81432
16079, 81532
16111, 81633
16111, 81733
16207, 81835
16079, 81935
15951, 82035
16111, 82136
16079, 82236
16143, 82337
16023, 82438
16079, 82538
16143, 82638
16063, 82739
16063, 82840
16079, 82940
16111, 83041
16111, 83141
16063, 83241
16175, 83343
16079, 83443
15951, 83544
16079, 83644
16111, 83744
16111, 83846
16143, 83946
16143, 84046
16287, 84147
16079, 84247
16079, 84348
16063, 84449
16063, 84549
16191, 84649
16079, 84751
16079, 84851
16207, 84952
16063, 85052
16207, 85152
16207, 85254
15935, 85354
16303, 85454
16175, 85555
16143, 85655
16143, 85756
16175, 85857
16207, 85957
16143, 86057
16111, 86158
16111, 86259
16079, 86360
15887, 86460
16079, 86560
16187, 86661
16079, 86762
16079, 86862
16143, 86963
16079, 87063
16079, 87163
15999, 87265
16143, 87365
16143, 87465
16063, 87566
15951, 87666
16063, 87768
16143, 87868
16055, 87968
16063, 88069
16079, 88169
16031, 88270
16191, 88371
16207, 88471
16079, 88571
16079, 88673
16063, 88773
16143, 88873
16111, 88974
16063, 89074
16207, 89176
16019, 89276
16143, 89376
16143, 89477
16111, 89577
16079, 89678
16191, 89779
16207, 89879
16143, 89979
16207, 90080
16191, 90181
16111, 90281
16175, 90382
16027, 90482
16111, 90583
16191, 90684
16143, 90784
16111, 90885
16079, 90985
16111, 91085
16079, 91187
15999, 91287
16063, 91387
15999, 91488
16111, 91588
16143, 91689
16095, 91790
16255, 91890
16079, 91991
16175, 92092
16079, 92192
16111, 92293
16047, 92393
16079, 92493
16079, 92595
16143, 92695
16079, 92795
16079, 92896
16111, 92996
16079, 93097
16111, 93198
16079, 93298
16023, 93399
16191, 93499
15999, 93600
15999, 93701
15999, 93801
16139, 93901
16143, 94002
16079, 94103
15951, 94203
15951, 94304
16055, 94404
16023, 94504
16207, 94606
16063, 94706
16207, 94807
16191, 94907
16287, 95007
16031, 95109
16143, 95209
16023, 95309
16191, 95410
16143, 95511
16047, 95611
16023, 95712
16079, 95812
16175, 95912
16079, 96014
16079, 96114
16207, 96215
16143, 96315
16143, 96415
16079, 96517
16175, 96617
16175, 96717
16175, 96818
16111, 96918
15999, 97019
16143, 97120
16019, 97220
16063, 97320
16063, 97421
16063, 97522
16063, 97623
16079, 97723
16079, 97823
16079, 97924
16111, 98025
16079, 98125
16111, 98226
16111, 98326
16143, 98426
16111, 98528
16063, 98628
16143, 98728
16111, 98829
16095, 98930
16079, 99031
16143, 99131
16191, 99231
16143, 99332
16191, 99433
16023, 99533
16079, 99634
16143, 99734
16079, 99834
16027, 99936
15951, 100036
16079, 100136
16111, 100237
16175, 100338
16063, 100439
16023, 100539
16023, 100639
16023, 100741
16063, 100841
16143, 100941
16031, 101042
16111, 101143
16111, 101243
16143, 101344
16063, 101444
16079, 101545
16143, 101646
16207, 101746
16063, 101847
16023, 101948
16111, 102048
16047, 102149
16079, 102249
16143, 102350
15999, 102451
16031, 102551
16111, 102651
16335, 102753
16023, 102853
16255, 102953
16143, 103054
16175, 103155
16079, 103256
16143, 103356
16143, 103457
16143, 103558
16111, 103658
16175, 103758
16111, 103860
16047, 103960
16111, 104060
16111, 104161
15999, 104262
16175, 104363
16063, 104463
16079, 104563
16059, 104665
16111, 104765
16055, 104865
16019, 104966
16079, 105067
16191, 105167
16143, 105268
16023, 105368
16191, 105469
16143, 105570
16111, 105670
16111, 105771
16023, 105872
16143, 105972
16207, 106073
16019, 106173
16111, 106274
16143, 106375
16175, 106475
16063, 106575
16111, 106677
16143, 106777
16111, 106877
16111, 106978
16031, 107079
16047, 107180
16191, 107280
16031, 107380
16175, 107482
16079, 107582
16095, 107682
16207, 107784
16079, 107884
16143, 107984
16175, 108085
16111, 108186
16207, 108286
16111, 108387
16019, 108487
16071, 108589
16207, 108689
16063, 108789
16255, 108890
16047, 108991
16111, 109091
16079, 109192
16019, 109292
15951, 109393
16143, 109494
16079, 109594
16207, 109694
15999, 109796
16063, 109896
16111, 109997
16191, 110097
16079, 110198
16143, 110299
16031, 110399
16063, 110499
16143, 110601
16031, 110701
16079, 110801
16079, 110902
16063, 111003
15951, 111104
15951, 111204
16023, 111304
16255, 111406
16111, 111506
16191, 111606
16175, 111708
16111, 111808
16079, 111908
16187, 112009
16079, 112110
16175, 112210
16055, 112311
16175, 112411
16079, 112513
16031, 112613
16019, 112713
16191, 112814
16063, 112915
16023, 113015
16287, 113116
16079, 113216
16031, 113317
16111, 113418
16143, 113518
16111, 113618
16095, 113720
16063, 113820
16143, 113921
16019, 114021
16039, 114122
16079, 114223
16095, 114323
16143, 114423
16143, 114525
16287, 114625
16111, 114725
16079, 114826
16079, 114927
16095, 115027
16175, 115128
16175, 115228
16111, 115330
16143, 115430
16079, 115530
16207, 115632
16207, 115732
15999, 115832
16143, 115933
16023, 116034
16143, 116134
16063, 116235
16287, 116335
16079, 116436
16207, 116537
16079, 116637
16143, 116738
16111, 116839
16063, 116939
16175, 117040
16079, 117140
16175, 117241
16111, 117342
15951, 117442
16031, 117542
16063, 117644
16111, 117744
16027, 117844
16191, 117945
16079, 118046
16055, 118147
16111, 118247
16111, 118347
16079, 118449
16143, 118549
16111, 118649
16143, 118750
16079, 118851
16039, 118951
16063, 119052
16111, 119152
16063, 119254
16079, 119354
16047, 119454
16143, 119556
16191, 119656
16095, 119756
16111, 119857
16047, 119958
16191, 120058
16063, 120159
16175, 120259
16063, 120360
16055, 120461
16143, 120561
16079, 120662
16191, 120763
16079, 120863
16191, 120964
15999, 121064
16063, 121165
16063, 121266
16191, 121366
16111, 121466
16111, 121568
16143, 121668
16111, 121768
16111, 121869
15991, 121970
16063, 122071
16055, 122171
16079, 122271
16079, 122373
16143, 122473
16095, 122573
16143, 122674
16079, 122775
16079, 122875
16047, 122976
16207, 123077
16143, 123177
16079, 123278
16079, 123378
16111, 123480
16111, 123580
16191, 123680
16079, 123781
16143, 123882
16079, 123982
16079, 124083
16143, 124183
16079, 124284
16207, 124385
16047, 124485
16207, 124585
16055, 124687
16207, 124787
16063, 124888
16111, 124988
16027, 125089
16143, 125190
16095, 125290
16143, 125390
16111, 125492
16207, 125592
16079, 125692
16191, 125793
16079, 125894
16143, 125995
15887, 126095
16111, 126195
16207, 126297
16175, 126397
16079, 126497
16175, 126599
16191, 126699
16079, 126799
16191, 126900
16063, 127001
16079, 127101
16143, 127202
16063, 127302
16079, 127404
16175, 127504
16191, 127604
16079, 127705
16055, 127806
16255, 127906
16111, 128007
16047, 128107
16063, 128208
16055, 128309
16063, 128409
16111, 128509
16143, 128611
16111, 128711
16143, 128812
16023, 128912
15999, 129013
16047, 129114
16095, 129214
16143, 129314
16063, 129416
16207, 129516
15999, 129616
16191, 129717
16111, 129818
16079, 129918
16175, 130019
16111, 130119
16031, 130221
16079, 130321
16063, 130421
16047, 130523
16143, 130623
16047, 130723
15999, 130824
16175, 130925
16143, 131025
16143, 131126
16079, 131226
16143, 131328
16095, 131428
16079, 131528
16095, 131629
16079, 131730
16143, 131830
15951, 131931
16079, 132031
16023, 132132
16143, 132233
16191, 132333
16079, 132433
16143, 132535
16111, 132635
15983, 132736
16079, 132836
16079, 132937
16031, 133038
16143, 133138
15951, 133238
16191, 133340
16079, 133440
16031, 133540
16143, 133641
16063, 133742
15991, 133842
16111, 133943
16079, 134043
16079, 134145
16111, 134245
16079, 134345
16191, 134447
16023, 134547
15999, 134647
16063, 134748
16111, 134849
16175, 134949
16079, 135050
16079, 135150
16175, 135251
16063, 135352
16207, 135452
16031, 135553
16063, 135654
16063, 135754
15999, 135855
16079, 135955
16047, 136056
16079, 136157
16111, 136257
16111, 136357
16143, 136459
16175, 136559
16287, 136659
16079, 136760
16143, 136861
16079, 136962
16031, 137062
16079, 137162
16111, 137264
16191, 137364
16287, 137464
15999, 137565
16079, 137666
16111, 137766
16063, 137867
16079, 137967
16143, 138068
16143, 138169
16143, 138269
16063, 138371
16095, 138471
16191, 138571
16111, 138672
16111, 138773
16059, 138873
16079, 138974
16063, 139074
16071, 139175
16143, 139276
16079, 139376
16143, 139476
16111, 139578
16031, 139678
16023, 139779
16191, 139879
16111, 139980
16031, 140081
16079, 140181
16019, 140281
16191, 140383
16019, 140483
16287, 140583
16079, 140684
16143, 140785
16143, 140886
16063, 140986
16019, 141086
16063, 141188
16143, 141288
16143, 141388
16095, 141489
16079, 141590
16055, 141690
16255, 141791
16175, 141892
16079, 141992
16143, 142093
16175, 142193
16079, 142295
16079, 142395
16079, 142495
16079, 142596
16047, 142697
16191, 142797
16143, 142898
16207, 142998
16287, 143099
16207, 143200
16063, 143300
16191, 143400
16063, 143502
16191, 143602
16031, 143703
16111, 143803
16039, 143904
16207, 144005
16023, 144105
16111, 144205
16063, 144307
16207, 144407
16143, 144507
16175, 144608
16143, 144709
16063, 144809
16063, 144910
16027, 145010
16047, 145112
16111, 145212
16143, 145312
15887, 145413
16143, 145514
16111, 145614
15871, 145715
16191, 145816
16111, 145916
16143, 146017
16023, 146117
16207, 146219
16175, 146319
16031, 146419
16055, 146520
16143, 146621
15951, 146721
16079, 146822
16079, 146922
16063, 147023
16143, 147124
16143, 147224
16207, 147324
16031, 147426
16063, 147526
16047, 147627
16207, 147727
16175, 147828
16111, 147929
16079, 148029
16143, 148129
16191, 148231
16207, 148331
16031, 148431
16063, 148532
16111, 148633
15935, 148733
16063, 148834
16111, 148934
16111, 149036
16143, 149136
16095, 149236
15999, 149338
16031, 149438
16079, 149538
16191, 149639
16111, 149740
16143, 149840
16111, 149941
16207, 150041
16079, 150142
16207, 150243
16143, 150343
16063, 150444
16019, 150545
16079, 150645
16191, 150746
16111, 150846
16079, 150947
16143, 151048
16143, 151148
16079, 151248
16287, 151350
16111, 151450
16063, 151550
16111, 151651
16055, 151752
16191, 151853
15991, 151953
16079, 152053
16255, 152155
16031, 152255
16175, 152355
16031, 152456
16143, 152557
16031, 152657
16055, 152758
16079, 152859
16111, 152960
15999, 153060
16143, 153160
16079, 153262
16175, 153362
16207, 153462
16079, 153563
16079, 153664
16079, 153764
16079, 153865
16079, 153965
16031, 154066
16111, 154167
16111, 154267
15951, 154368
16063, 154469
16111, 154569
16063, 154670
16059, 154770
16143, 154871
16143, 154972
16079, 155072
16063, 155172
16143, 155274
16111, 155374
16143, 155474
16079, 155575
15999, 155676
16207, 155777
16031, 155877
16031, 155977
16111, 156079
16319, 156179
16143, 156279
16063, 156381
16031, 156481
16191, 156581
16143, 156682
16175, 156783
15919, 156883
16079, 156984
16175, 157084
16175, 157186
16175, 157286
16207, 157386
16079, 157487
16055, 157588
16063, 157688
16031, 157789
16143, 157889
16079, 157990
15991, 158091
16111, 158191
16143, 158291
16143, 158393
16079, 158493
16111, 158594
16079, 158694
16111, 158795
16111, 158896
16207, 158996
16055, 159096
16191, 159198
16063, 159298
16143, 159398
16023, 159499
16079, 159600
16111, 159700
16143, 159801
16111, 159902
16031, 160003
16207, 160103
16143, 160203
16143, 160305
16111, 160405
16079, 160505
16079, 160606
16063, 160707
16111, 160807
16191, 160908
16143, 161008
16175, 161110
16079, 161210
16047, 161310
16063, 161411
16047, 161512
16111, 161612
16111, 161713
16111, 161813
16143, 161914
16191, 162015
16207, 162115
16023, 162215
16079, 162317
16071, 162417
16143, 162518
16111, 162618
15999, 162719
16055, 162820
16143, 162920
16143, 163020
16175, 163122
16063, 163222
16079, 163322
16175, 163424
16191, 163524
16079, 163624
16047, 163725
16143, 163826
16079, 163927
15951, 164027
16079, 164127
15991, 164229
16047, 164329
16143, 164429
16079, 164530
16207, 164631
16207, 164731
16111, 164832
16143, 164932
16191, 165033
16111, 165134
16079, 165234
16111, 165335
16143, 165436
15999, 165536
16111, 165637
16079, 165737
16079, 165838
16063, 165939
16111, 166039
16143, 166139
16079, 166241
16055, 166341
16079, 166441
16111, 166542
16111, 166643
15999, 166744
16047, 166844
16143, 166944
15935, 167046
16019, 167146
16143, 167246
16055, 167347
16047, 167448
16031, 167548
16111, 167649
16031, 167750
16143, 167851
16079, 167951
16143, 168051
16143, 168153
16063, 168253
16111, 168353
16143, 168454
16079, 168555
16111, 168655
16207, 168756
16079, 168856
16063, 168957
16143, 169058
16079, 169158
15999, 169259
16191, 169360
16079, 169460
16063, 169561
16055, 169661
16079, 169762
16079, 169863
16079, 169963
15991, 170063
16079, 170165
16079, 170265
16063, 170365
16027, 170466
16047, 170567
16059, 170668
16143, 170768
16019, 170868
16191, 170970
16079, 171070
16111, 171170
16063, 171271
16063, 171372
16079, 171472
16111, 171573
16079, 171674
16111, 171774
16063, 171875
16079, 171975
16191, 172077
16079, 172177
16079, 172277
16335, 172378
16023, 172479
16111, 172579
16143, 172680
16055, 172780
16063, 172881
16079, 172982
16079, 173082
16143, 173182
16143, 173284
15951, 173384
16023, 173485
16175, 173585
15887, 173686
16207, 173787
16175, 173887
16079, 173987
16031, 174089
16111, 174189
16079, 174289
16063, 174390
16191, 174491
16063, 174592
16143, 174692
16079, 174792
16143, 174894
16111, 174994
16079, 175094
16191, 175196
15935, 175296
16287, 175396
16063, 175497
15999, 175598
16111, 175698
16063, 175799
16079, 175899
16111, 176001
16111, 176101
16175, 176201
16207, 176302
16079, 176403
16019, 176503
16207, 176604
16023, 176704
16079, 176805
16079, 176906
16079, 177006
16031, 177106
15999, 177208
16111, 177308
16175, 177409
16143, 177509
16079, 177610
16143, 177711
16143, 177811
16063, 177911
16207, 178013
16095, 178113
16111, 178213
16079, 178314
16111, 178415
16055, 178515
16095, 178616
16143, 178717
16079, 178818
16111, 178918
16079, 179018
16079, 179120
16079, 179220
16063, 179320
16079, 179421
16047, 179522
16111, 179622
16063, 179723
16143, 179823
15991, 179924
16143, 180025
16063, 180125
16191, 180226
16111, 180327
16063, 180427
16207, 180528
16023, 180628
16143, 180729
16143, 180830
16143, 180930
16019, 181030
16175, 181132
16055, 181232
16031, 181332
16207, 181433
15887, 181534
16175, 181635
16055, 181735
16079, 181835
16175, 181937
16191, 182037
16143, 182137
16055, 182238
16111, 182339
16175, 182439
16079, 182540
16111, 182641
16143, 182742
16111, 182842
16055, 182942
16079, 183044
16111, 183144
16207, 183244
16191, 183345
16079, 183446
16111, 183546
16175, 183647
16055, 183747
16143, 183848
16079, 183949
16063, 184049
16175, 184150
16063, 184251
16143, 184351
16079, 184452
16079, 184552
16111, 184653
16175, 184754
16191, 184854
16111, 184954
16207, 185056
16079, 185156
16175, 185256
16175, 185357
16143, 185458
15951, 185559
16143, 185659
16111, 185759
16143, 185861
16079, 185961
16079, 186061
16079, 186163
16031, 186263
16191, 186363
16031, 186464
16143, 186565
16031, 186665
16143, 186766
16079, 186866
16079, 186968
16111, 187068
16207, 187168
16031, 187269
16143, 187370
16111, 187470
16143, 187571
16143, 187671
16023, 187772
16079, 187873
16079, 187973
16319, 188073
16063, 188175
16031, 188275
16063, 188376
16143, 188476
16063, 188577
16191, 188678
16191, 188778
16055, 188878
16175, 188980
16111, 189080
16055, 189180
16063, 189281
16031, 189382
16143, 189483
16063, 189583
16079, 189684
16055, 189785
16111, 189885
16063, 189985
16079, 190087
16079, 190187
16047, 190287
16111, 190388
16063, 190489
16191, 190589
16063, 190690
16063, 190790
16023, 190892
16079, 190992
16207, 191092
16047, 191193
16143, 191294
16079, 191394
16143, 191495
16143, 191595
16079, 191696
16079, 191797
16255, 191897
16079, 191997
16111, 192099
16191, 192199
16191, 192300
16111, 192400
16055, 192501
16143, 192602
16079, 192702
16143, 192802
16055, 192904
16063, 193004
16055, 193104
16111, 193206
16079, 193306
16143, 193406
16055, 193507
16143, 193608
16063, 193709
16079, 193809
15951, 193909
16175, 194011
15951, 194111
16191, 194211
16063, 194312
16143, 194413
16079, 194513
16111, 194614
16175, 194714
16079, 194816
16111, 194916
16063, 195016
15983, 195117
16207, 195218
16079, 195318
16143, 195419
16111, 195519
16023, 195620
16207, 195721
16143, 195821
16175, 195921
16063, 196023
16143, 196123
16095, 196224
16143, 196325
16079, 196425
16079, 196526
16079, 196626
16207, 196727
16143, 196828
15951, 196928
16079, 197028
16207, 197130
16023, 197230
16031, 197330
16063, 197431
16143, 197532
16055, 197633
16143, 197733
16279, 197833
16111, 197935
16191, 198035
15999, 198135
16063, 198236
16047, 198337
16079, 198437
16079, 198538
16111, 198638
16079, 198739
16111, 198840
16079, 198940
16111, 199041
16111, 199142
16111, 199242
16071, 199343
16079, 199443
16207, 199544
16079, 199645
16111, 199745
16079, 199846
16111, 199947
16111, 200047
16055, 200147
16111, 200249
16191, 200349
16031, 200450
16079, 200550
16143, 200651
15951, 200752
15951, 200852
16207, 200952
16079, 201054
16143, 201154
16095, 201254
16063, 201355
16143, 201456
16063, 201556
16063, 201657
16111, 201757
16191, 201859
16079, 201959
16111, 202059
15999, 202160
16207, 202261
15991, 202361
16047, 202462
16111, 202562
16063, 202663
16063, 202764
16319, 202864
16063, 202964
16079, 203066
16079, 203166
16111, 203267
16063, 203368
16143, 203468
16079, 203569
16143, 203669
16143, 203770
16079, 203871
16079, 203971
16079, 204071
16143, 204173
16079, 204273
16175, 204374
16079, 204474
16143, 204575
16207, 204676
16079, 204776
16079, 204876
16079, 204978
16079, 205078
16143, 205178
15999, 205279
16143, 205380
16191, 205480
16175, 205581
16019, 205681
16079, 205783
16143, 205883
16059, 205983
16063, 206084
16191, 206185
16047, 206285
15951, 206386
16079, 206486
16079, 206587
16111, 206688
16079, 206788
16055, 206888
16079, 206990
16191, 207090
16079, 207191
16079, 207292
16207, 207392
16111, 207493
16207, 207593
16143, 207694
16111, 207795
16111, 207895
16191, 207995
16079, 208097
16111, 208197
16079, 208297
16111, 208398
16255, 208499
16063, 208600
16111, 208700
16207, 208800
16031, 208902
16079, 209002
16063, 209102
16175, 209203
16079, 209304
16207, 209404
16143, 209505
16255, 209605
16031, 209707
16059, 209807
16175, 209907
16079, 210008
16143, 210109
16143, 210209
16207, 210310
15999, 210410
16111, 210511
16143, 210612
16111, 210712
16071, 210813
16047, 210914
16175, 211014
16207, 211115
16031, 211216
16143, 211316
16111, 211417
16079, 211517
16071, 211618
16079, 211719
16143, 211819
16143, 211919
16079, 212021
16207, 212121
16063, 212221
16111, 212322
16079, 212423
16063, 212524
16055, 212624
16063, 212724
16143, 212826
16031, 212926
16255, 213026
16143, 213127
16079, 213228
16079, 213328
16143, 213429
16111, 213529
16079, 213630
16111, 213731
16079, 213831
16111, 213932
16143, 214033
16063, 214133
16111, 214234
16079, 214334
16111, 214435
16063, 214536
16143, 214636
16175, 214737
16079, 214838
16207, 214938
16063, 215038
16191, 215140
16063, 215240
16143, 215341
16047, 215441
16143, 215542
16079, 215643
16079, 215743
16079, 215843
15935, 215945
16079, 216045
16055, 216145
16143, 216246
16207, 216347
16175, 216448
16191, 216548
16175, 216648
16063, 216750
16079, 216850
16063, 216950
16031, 217051
16143, 217152
16031, 217252
16175, 217353
16079, 217453
16111, 217554
15951, 217655
16079, 217755
16079, 217856
16175, 217957
16111, 218057
16191, 218158
16175, 218259
16079, 218359
16095, 218460
16095, 218560
16079, 218661
16047, 218762
16255, 218862
16055, 218962
16143, 219064
16047, 219164
16063, 219265
16019, 219365
16271, 219466
16175, 219567
16031, 219667
16111, 219767
16143, 219869
16111, 219969
16055, 220069
16207, 220170
16055, 220271
16143, 220371
16031, 220472
16207, 220572
15951, 220674
16143, 220774
16143, 220874
16023, 220975
15999, 221076
16175, 221176
16063, 221277
16055, 221377
16023, 221478
16079, 221579
15951, 221679
16079, 221779
16143, 221881
16111, 221981
16095, 222082
16143, 222183
16079, 222283
16319, 222384
16175, 222484
16175, 222585
16143, 222686
16207, 222786
16111, 222886
16191, 222988
16207, 223088
16079, 223188
16047, 223289
16287, 223390
15823, 223491
16175, 223591
15991, 223691
16287, 223793
16191, 223893
16207, 223993
16279, 224094
16079, 224195
16207, 224295
16031, 224396
16191, 224496
16079, 224598
16207, 224698
16063, 224798
16207, 224899
15951, 225000
16111, 225100
16175, 225201
16143, 225301
16111, 225402
16207, 225503
16111, 225603
16175, 225704
16191, 225805
16143, 225905
16079, 226006
16143, 226107
16031, 226207
16175, 226308
16079, 226408
16079, 226509
16143, 226610
16079, 226710
15911, 226810
16079, 226912
16143, 227012
16207, 227112
16063, 227213
16207, 227314
16111, 227415
16175, 227515
16111, 227615
16175, 227717
16111, 227817
16111, 227917
15935, 228018
15887, 228119
16143, 228219
16111, 228320
16143, 228420
16111, 228521
16063, 228622
16063, 228722
16143, 228824
16191, 228924
16059, 229024
16111, 229125
16207, 229226
16143, 229326
16031, 229427
16143, 229527
16143, 229628
16111, 229729
16143, 229829
16111, 229929
16047, 230031
16191, 230131
16079, 230232
16143, 230332
16143, 230433
16111, 230534
15999, 230634
16111, 230734
16143, 230836
15951, 230936
16079, 231036
15951, 231137
16207, 231238
16079, 231339
16079, 231439
15999, 231539
16079, 231641
16111, 231741
16143, 231841
16063, 231942
16079, 232043
16111, 232143
16143, 232244
16111, 232345
16143, 232445
16079, 232546
16063, 232646
16143, 232748
16079, 232848
16111, 232948
16143, 233049
16175, 233150
15991, 233250
16175, 233351
16191, 233451
16175, 233552
16079, 233653
16079, 233753
16079, 233853
16031, 233955
16063, 234055
16207, 234156
16079, 234256
16255, 234357
16111, 234458
16143, 234558
16079, 234658
16191, 234760
16079, 234860
16191, 234960
16207, 235061
16111, 235162
16191, 235262
16175, 235363
16191, 235463
16071, 235565
16207, 235665
16143, 235765
16079, 235866
16111, 235967
16191, 236067
16071, 236168
16079, 236269
16143, 236369
16047, 236470
16111, 236570
16063, 236672
16143, 236772
16143, 236872
16031, 236973
16143, 237074
16175, 237174
16175, 237275
16079, 237375
16111, 237476
16143, 237577
16175, 237677
16063, 237777
16031, 237879
16055, 237979
16111, 238080
16207, 238180
16111, 238281
16079, 238382
16191, 238482
16079, 238582
16079, 238684
16063, 238784
16079, 238884
16143, 238985
16079, 239086
16303, 239186
16063, 239287
16191, 239388
16175, 239489
16047, 239589
16079, 239689
16207, 239791
16207, 239891
16031, 239991
16031, 240092
16191, 240193
16031, 240293
16023, 240394
16207, 240494
16023, 240595
16175, 240696
16063, 240796
16111, 240897
16111, 240998
16079, 241098
16111, 241199
16143, 241299
16175, 241400
16191, 241501
16079, 241601
16079, 241701
16079, 241803
16143, 241903
16143, 242003
16143, 242104
16207, 242205
15951, 242306
16079, 242406
16111, 242506
16207, 242608
16063, 242708
16063, 242808
16095, 242910
16063, 243010
16111, 243110
16063, 243211
16319, 243312
16111, 243412
16095, 243513
16143, 243613
16023, 243715
16079, 243815
16055, 243915
16191, 244016
16111, 244117
16143, 244217
15951, 244318
16191, 244418
16143, 244519
16111, 244620
16111, 244720
16063, 244820
16031, 244922
15999, 245022
16055, 245123
16079, 245223
16079, 245324
16191, 245425
16079, 245525
16207, 245625
16191, 245727
16055, 245827
16031, 245927
16079, 246029
16207, 246129
16063, 246230
16063, 246330
16191, 246431
15999, 246532
16191, 246632
15951, 246732
16079, 246834
15999, 246934
16287, 247034
16111, 247135
16031, 247236
16175, 247336
16143, 247437
16143, 247537
16111, 247639
16111, 247739
16143, 247839
16047, 247940
16143, 248041
16111, 248141
16079, 248242
16063, 248342
16079, 248443
16019, 248544
16255, 248644
16063, 248744
16255, 248846
16191, 248946
16175, 249047
16143, 249147
16143, 249248
16191, 249349
16079, 249449
16079, 249549
16111, 249651
16079, 249751
16079, 249851
16019, 249953
16175, 250053
16143, 250153
16111, 250254
16207, 250355
15951, 250456
16079, 250556
16047, 250656
16019, 250758
16079, 250858
16111, 250958
16079, 251059
16063, 251160
16111, 251260
16079, 251361
16031, 251461
16143, 251563
15999, 251663
16255, 251763
16191, 251864
16143, 251965
16191, 252065
16079, 252166
16079, 252266
16207, 252367
16063, 252468
16027, 252568
16255, 252668
16111, 252770
16031, 252870
16111, 252971
16111, 253071
15951, 253172
16143, 253273
16175, 253373
16063, 253474
16079, 253575
16111, 253675
15999, 253775
16143, 253877
16095, 253977
16055, 254077
16079, 254178
16079, 254279
16031, 254380
16143, 254480
16143, 254580
16079, 254682
16079, 254782
16111, 254882
15951, 254983
16191, 255084
16111, 255184
16079, 255285
16079, 255385
16255, 255486
16031, 255587
16111, 255687
16063, 255788
16191, 255889
16111, 255989
16111, 256090
16111, 256190
16111, 256291
16111, 256392
16207, 256492
15999, 256593
16143, 256694
16207, 256794
16191, 256894
16079, 256996
16143, 257096
16143, 257197
16143, 257297
16063, 257398
16111, 257499
16175, 257599
16055, 257699
16031, 257801
16063, 257901
16143, 258001
16095, 258102
16079, 258203
16191, 258304
16079, 258404
16019, 258504
16031, 258606
16191, 258706
16111, 258806
16063, 258907
16063, 259008
16019, 259108
16207, 259209
16047, 259309
16207, 259410
16047, 259511
16019, 259611
16175, 259712
16111, 259813
16079, 259913
16055, 260014
16063, 260114
16175, 260215
16031, 260316
16031, 260416
16175, 260516
16143, 260618
16079, 260718
16143, 260818
16111, 260920
16079, 261020
16079, 261121
16111, 261221
16143, 261322
16079, 261423
16175, 261523
16143, 261623
16047, 261725
16143, 261825
16143, 261925
15999, 262026
16095, 262127
16191, 262227
16207, 262328
16111, 262428
16175, 262530
16111, 262630
16079, 262730
16079, 262831
16111, 262932
16079, 263032
16207, 263133
16143, 263233
16207, 263334
16031, 263435
16111, 263535
16175, 263635
16039, 263737
16143, 263837
16175, 263938
16079, 264038
16079, 264139
16175, 264240
16079, 264340
16143, 264441
16079, 264542
16031, 264642
16191, 264742
16143, 264844
16079, 264944
16063, 265044
16111, 265145
16063, 265246
16079, 265347
16143, 265447
16079, 265547
16079, 265649
16031, 265749
16079, 265849
16079, 265950
16143, 266051
16079, 266151
16079, 266252
15951, 266352
16111, 266454
16143, 266554
16175, 266654
16063, 266755
16079, 266856
15951, 266956
16079, 267057
16191, 267157
16191, 267258
16079, 267359
16079, 267459
16063, 267559
16079, 267661
16143, 267761
16079, 267862
16143, 267963
16207, 268063
16079, 268164
16111, 268264
16071, 268365
16111, 268466
16079, 268566
16111, 268666
16207, 268768
16063, 268868
16207, 268968
16143, 269069
16143, 269170
16175, 269271
16111, 269371
16111, 269471
16027, 269573
16207, 269673
16063, 269773
16143, 269874
16207, 269975
16143, 270075
16191, 270176
16023, 270276
16079, 270377
15999, 270478
16079, 270578
16079, 270679
16143, 270780
16143, 270880
16031, 270981
16111, 271081
15951, 271182
16079, 271283
16111, 271383
16143, 271484
16055, 271585
16143, 271685
16055, 271785
16047, 271887
16023, 271987
16143, 272088
16191, 272188
15999, 272289
16175, 272390
15911, 272490
16111, 272590
16079, 272692
16143, 272792
16111, 272892
16079, 272993
16111, 273094
16027, 273195
15999, 273295
16063, 273395
16079, 273497
16079, 273597
16031, 273697
16111, 273798
15999, 273899
16079, 273999
16111, 274100
16207, 274200
16031, 274301
16063, 274402
16063, 274502
16143, 274603
16143, 274704
16143, 274804
16143, 274905
16095, 275006
16063, 275106
16207, 275207
16143, 275307
16207, 275408
16039, 275509
16191, 275609
16063, 275709
16079, 275811
16079, 275911
16111, 276012
16079, 276112
16079, 276213
16063, 276314
16175, 276414
16143, 276514
16047, 276616
16143, 276716
16111, 276816
16063, 276917
16079, 277018
16111, 277118
16111, 277219
16079, 277319
16079, 277421
16207, 277521
16175, 277621
16111, 277722
16095, 277823
16063, 277923
16031, 278024
16191, 278125
16079, 278225
16255, 278326
16031, 278426
16079, 278528
16079, 278628
16079, 278728
15951, 278829
16143, 278930
16063, 279030
16111, 279131
16111, 279231
16019, 279332
16207, 279433
16079, 279533
15951, 279633
16063, 279735
16063, 279835
16111, 279936
16063, 280036
16063, 280137
15935, 280238
16111, 280338
16191, 280438
16207, 280540
16111, 280640
16143, 280740
16143, 280841
16111, 280942
16111, 281042
16255, 281143
16191, 281244
16031, 281345
15951, 281445
16287, 281545
16175, 281647
16031, 281747
16111, 281847
16047, 281948
16079, 282049
16207, 282149
16175, 282250
16175, 282350
16079, 282451
16175, 282552
16079, 282652
16079, 282753
16079, 282854
15999, 282954
16031, 283055
16111, 283155
16207, 283256
16031, 283357
16303, 283457
16055, 283557
16111, 283659
16023, 283759
16063, 283859
16207, 283960
16079, 284061
16111, 284162
16111, 284262
16111, 284362
15991, 284464
16055, 284564
16079, 284664
16079, 284766
16175, 284866
16031, 284966
16143, 285067
16143, 285168
16111, 285268
16071, 285369
15951, 285469
16143, 285571
16079, 285671
16175, 285771
16207, 285872
16207, 285973
16047, 286073
16175, 286174
16079, 286274
16055, 286375
16111, 286476
16143, 286576
16047, 286676
16055, 286778
16079, 286878
16207, 286979
16079, 287079
16063, 287180
16079, 287281
16079, 287381
16111, 287481
16143, 287583
16019, 287683
16079, 287783
16191, 287885
16079, 287985
16079, 288086
15999, 288186
16143, 288287
16079, 288388
16191, 288488
16191, 288588
16027, 288690
16143, 288790
16111, 288890
16023, 288991
16111, 289092
16079, 289192
16111, 289293
16031, 289393
16255, 289495
16079, 289595
16031, 289695
16079, 289796
16111, 289897
16027, 289997
15991, 290098
16143, 290198
16079, 290299
16095, 290400
15991, 290500
16079, 290600
16191, 290702
16191, 290802
16079, 290903
16059, 291003
16063, 291104
16031, 291205
16031, 291305
16023, 291405
16143, 291507
16059, 291607
16207, 291707
16063, 291809
16207, 291909
16143, 292009
16031, 292110
16207, 292211
16079, 292312
16079, 292412
16079, 292512
16079, 292614
16207, 292714
15935, 292814
16175, 292915
15935, 293016
16079, 293116
16111, 293217
16079, 293317
16271, 293419
16111, 293519
16063, 293619
16079, 293720
16207, 293821
16143, 293921
16063, 294022
16063, 294122
16143, 294223
16079, 294324
16079, 294424
16143, 294524
16255, 294626
16111, 294726
16111, 294827
16063, 294927
16111, 295028
16143, 295129
16079, 295229
16063, 295330
16111, 295431
16079, 295531
16207, 295631
16175, 295733
16063, 295833
16191, 295933
16111, 296034
16063, 296135
16175, 296236
16111, 296336
16143, 296436
16079, 296538
16039, 296638
16079, 296738
16079, 296839
16143, 296940
16143, 297040
16095, 297141
16063, 297241
16031, 297342
16143, 297443
16063, 297543
16175, 297644
16031, 297745
16079, 297845
16079, 297946
16111, 298046
16079, 298147
16023, 298248
16079, 298348
16079, 298448
16175, 298550
16139, 298650
16143, 298750
16079, 298852
16143, 298952
16143, 299053
16047, 299153
16111, 299254
16079, 299355
16143, 299455
16207, 299555
16079, 299657
16191, 299757
16019, 299857
16079, 299958
16111, 300059
16191, 300160
16079, 300260
16111, 300360
16175, 300462
16079, 300562
16079, 300662
16111, 300763
16079, 300864
16079, 300964
16111, 301065
16095, 301165
16063, 301266
16191, 301367
16079, 301467
16143, 301568
16063, 301669
16111, 301769
16143, 301870
16063, 301971
16111, 302071
16079, 302172
16111, 302272
16079, 302373
16079, 302474
16063, 302574
16207, 302674
16079, 302776
16063, 302876
16079, 302977
16111, 303077
15935, 303178
16031, 303279
16111, 303379
16063, 303479
16111, 303581
16063, 303681
16143, 303781
16143, 303882
16111, 303983
16143, 304083
16063, 304184
16175, 304284
16111, 304386
16079, 304486
15999, 304586
16079, 304687
16207, 304788
16063, 304888
16111, 304989
16175, 305090
16055, 305190
16019, 305291
16207, 305391
16063, 305492
16143, 305593
16071, 305693
16031, 305794
16207, 305895
16063, 305995
16079, 306096
16111, 306196
16207, 306297
16079, 306398
16287, 306498
16071, 306598
16143, 306700
16191, 306800
16111, 306900
16079, 307001
16191, 307102
16063, 307203
16063, 307303
16143, 307403
16023, 307505
16063, 307605
16191, 307705
16079, 307806
16111, 307907
16207, 308007
16063, 308108
16143, 308208
16079, 308310
16191, 308410
16063, 308510
16143, 308612
16143, 308712
15999, 308812
16143, 308913
16039, 309014
16111, 309114
16031, 309215
16079, 309315
16079, 309416
16143, 309517
16111, 309617
16191, 309718
16111, 309819
16063, 309919
16079, 310020
16207, 310120
16143, 310221
15951, 310322
16111, 310422
16079, 310522
16111, 310624
16063, 310724
16063, 310824
16143, 310925
16207, 311026
16079, 311127
16175, 311227
16079, 311327
16031, 311429
16055, 311529
16063, 311629
16031, 311731
16143, 311831
16143, 311931
16111, 312032
16063, 312133
16079, 312233
16143, 312334
16175, 312434
16111, 312536
16143, 312636
16111, 312736
16143, 312837
16143, 312938
16079, 313038
16079, 313139
16111, 313239
16047, 313340
16063, 313441
16111, 313541
16143, 313641
16175, 313743
16111, 313843
16191, 313944
16143, 314044
16191, 314145
16059, 314246
16191, 314346
16079, 314446
16175, 314548
16031, 314648
16143, 314748
16191, 314849
16095, 314950
16047, 315051
16175, 315151
16207, 315252
16143, 315353
16207, 315453
16143, 315553
16111, 315655
16063, 315755
16063, 315855
16095, 315956
16031, 316057
16111, 316157
16079, 316258
16063, 316358
16207, 316460
16175, 316560
16175, 316660
16143, 316761
16207, 316862
16031, 316962
16111, 317063
16143, 317163
16111, 317264
16175, 317365
16207, 317465
16191, 317565
15951, 317667
16111, 317767
16111, 317868
16175, 317969
16207, 318069
16079, 318170
16079, 318270
16079, 318371
16079, 318472
16143, 318572
16063, 318672
16143, 318774
16055, 318874
16063, 318974
16079, 319075
16111, 319176
16063, 319277
16079, 319377
15919, 319477
16023, 319579
16079, 319679
16023, 319779
16079, 319880
16191, 319981
16175, 320081
16079, 320182
16063, 320282
16055, 320384
16143, 320484
16063, 320584
16143, 320685
16175, 320786
16207, 320886
16095, 320987
15951, 321087
16175, 321188
16143, 321289
16079, 321389
16079, 321490
16079, 321591
16207, 321691
16175, 321792
16143, 321893
16079, 321993
16143, 322094
16111, 322194
16111, 322295
16111, 322396
16175, 322496
16031, 322596
16111, 322698
16111, 322798
16207, 322898
16079, 322999
16111, 323100
16143, 323201
16031, 323301
16143, 323401
16063, 323503
16143, 323603
16079, 323703
16207, 323804
16079, 323905
16079, 324005
16207, 324106
16047, 324206
16111, 324307
16079, 324408
16191, 324508
16143, 324609
16175, 324710
16079, 324810
16079, 324911
16079, 325012
16143, 325112
16111, 325213
16079, 325313
16079, 325414
16143, 325515
16023, 325615
16079, 325715
16023, 325817
16079, 325917
16111, 326018
16079, 326118
16191, 326219
16063, 326320
16063, 326420
16039, 326520
16079, 326622
16023, 326722
16255, 326822
16079, 326923
16023, 327024
16111, 327124
16079, 327225
16079, 327325
16143, 327427
16143, 327527
16079, 327627
16111, 327728
16063, 327829
16143, 327929
16175, 328030
16303, 328130
16191, 328231
16111, 328332
16191, 328432
16143, 328534
16055, 328634
16191, 328734
16191, 328835
16255, 328936
16111, 329036
16023, 329137
16191, 329237
15951, 329338
16063, 329439
16143, 329539
16063, 329639
15951, 329741
16191, 329841
16079, 329942
16207, 330042
16143, 330143
16111, 330244
16143, 330344
16079, 330444
16063, 330546
16191, 330646
16055, 330746
16079, 330847
15999, 330948
16031, 331048
16111, 331149
16079, 331249
16039, 331351
16191, 331451
16191, 331551
16063, 331652
16079, 331753
16079, 331853
16143, 331954
15935, 332054
16111, 332155
16079, 332256
16079, 332356
16143, 332457
16191, 332558
16023, 332658
16143, 332759
16207, 332860
16175, 332960
16063, 333061
16031, 333161
16079, 333262
16111, 333363
16207, 333463
16063, 333563
16143, 333665
16111, 333765
16143, 333865
16063, 333966
16191, 334067
16063, 334168
16111, 334268
16047, 334368
16031, 334470
16175, 334570
16023, 334670
16143, 334771
16143, 334872
16079, 334972
15999, 335073
16079, 335173
16079, 335275
16055, 335375
16019, 335475
16079, 335576
16143, 335677
16079, 335777
16079, 335878
16207, 335979
16143, 336079
16111, 336180
16031, 336280
16111, 336381
16207, 336482
16079, 336582
16143, 336683
16047, 336784
16143, 336884
16143, 336985
16175, 337085
16191, 337186
16039, 337287
16063, 337387
16303, 337487
16111, 337589
16039, 337689
16143, 337789
16079, 337890
16143, 337991
16079, 338092
16079, 338192
16111, 338292
16055, 338394
16143, 338494
16287, 338594
16111, 338695
16023, 338796
16143, 338896
16023, 338997
16111, 339097
16175, 339198
16095, 339299
16079, 339399
16111, 339500
16143, 339601
16143, 339701
16063, 339802
16175, 339903
16031, 340003
16191, 340104
15999, 340204
16207, 340305
15823, 340406
16175, 340506
16175, 340606
16143, 340708
16063, 340808
16111, 340909
16143, 341009
16207, 341110
16143, 341211
16063, 341311
16143, 341411
16031, 341513
16319, 341613
16175, 341713
16287, 341814
16111, 341915
16191, 342016
16031, 342116
16031, 342216
16111, 342318
16191, 342418
16079, 342518
16207, 342619
16063, 342720
16143, 342820
16111, 342921
16023, 343021
16063, 343122
16063, 343223
16111, 343323
16079, 343425
16079, 343525
16191, 343625
16175, 343726
16063, 343827
16207, 343927
16175, 344028
16111, 344128
16079, 344229
16031, 344330
16047, 344430
16079, 344530
16047, 344632
16079, 344732
16175, 344833
16111, 344933
16063, 345034
16079, 345135
16095, 345235
16191, 345335
16191, 345437
16063, 345537
16271, 345637
16079, 345738
16063, 345839
16063, 345939
16191, 346040
16111, 346140
16111, 346242
16191, 346342
16111, 346442
16079, 346544
16111, 346644
16191, 346744
16079, 346845
16063, 346946
16079, 347046
16079, 347147
16207, 347247
16207, 347348
15999, 347449
16143, 347549
16143, 347650
16111, 347751
16175, 347851
16079, 347952
16047, 348052
16063, 348153
16143, 348254
16047, 348354
16175, 348454
16079, 348556
16055, 348656
16143, 348756
16079, 348857
16191, 348958
16079, 349059
16063, 349159
16191, 349259
16079, 349361
16207, 349461
16079, 349561
16143, 349662
16031, 349763
16255, 349863
16143, 349964
16079, 350065
16063, 350166
16111, 350266
16191, 350366
16079, 350468
16063, 350568
16111, 350668
16079, 350769
15935, 350870
16191, 350970
16063, 351071
16175, 351171
16079, 351272
16111, 351373
16079, 351473
16095, 351574
16175, 351675
16095, 351775
16207, 351876
16207, 351976
16143, 352077
16143, 352178
16063, 352278
16255, 352378
16079, 352480
16175, 352580
16063, 352680
16063, 352781
16255, 352882
16063, 352983
16175, 353083
16175, 353183
15951, 353285
16143, 353385
16047, 353485
16111, 353587
16079, 353687
16175, 353787
16055, 353888
16143, 353989
16079, 354089
16111, 354190
16079, 354290
15999, 354392
16335, 354492
16063, 354592
16095, 354693
16079, 354794
16143, 354894
16063, 354995
16063, 355095
16063, 355196
16079, 355297
16063, 355397
16095, 355497
16031, 355599
16055, 355699
16019, 355800
16055, 355900
16143, 356001
16143, 356102
16079, 356202
16079, 356302
16079, 356404
16055, 356504
16111, 356604
16079, 356706
16143, 356806
16095, 356907
16191, 357007
16207, 357108
16207, 357209
16079, 357309
16191, 357409
16055, 357511
16111, 357611
16079, 357711
16031, 357812
16143, 357913
16095, 358013
16071, 358114
16191, 358214
16143, 358316
16079, 358416
16095, 358516
16079, 358617
16023, 358718
16143, 358818
15991, 358919
16143, 359019
16143, 359120
16063, 359221
16111, 359321
16111, 359421
16111, 359523
16095, 359623
16079, 359724
16063, 359824
16111, 359925
16271, 360026
16111, 360126
16031, 360227
16031, 360328
16079, 360428
16111, 360528
16111, 360630
16079, 360730
16207, 360830
16059, 360931
16143, 361032
16111, 361133
16143, 361233
15935, 361333
16055, 361435
16047, 361535
16255, 361635
16055, 361736
16191, 361837
16079, 361937
16079, 362038
16143, 362138
16111, 362240
16063, 362340
16079, 362440
16055, 362541
16079, 362642
16143, 362742
16031, 362843
16055, 362943
16111, 363044
16175, 363145
16095, 363245
16143, 363345
16143, 363447
16079, 363547
16143, 363648
16175, 363749
16031, 363849
16111, 363950
16047, 364050
16143, 364151
16079, 364252
16143, 364352
16143, 364452
16079, 364554
16079, 364654
16079, 364754
16031, 364855
16079, 364956
16143, 365057
16111, 365157
16143, 365257
16175, 365359
15951, 365459
16111, 365559
16111, 365660
16111, 365761
16079, 365861
16079, 365962
16191, 366062
16111, 366163
16079, 366264
16143, 366364
16055, 366465
16143, 366566
16191, 366666
16019, 366767
16079, 366868
16111, 366968
16111, 367069
16143, 367169
16207, 367270
16191, 367371
16019, 367471
16055, 367571
16111, 367673
16079, 367773
16175, 367874
16031, 367974
16111, 368075
15951, 368176
16191, 368276
16031, 368376
16095, 368478
16031, 368578
16191, 368678
16063, 368779
16079, 368880
16111, 368980
16079, 369081
16079, 369181
16059, 369283
16143, 369383
16055, 369483
16079, 369584
16095, 369685
16063, 369785
16207, 369886
16191, 369986
16019, 370087
16111, 370188
16063, 370288
16063, 370388
16111, 370490
16207, 370590
16207, 370691
16111, 370792
16079, 370892
16079, 370993
16079, 371093
16079, 371194
16079, 371295
16207, 371395
16039, 371495
16143, 371597
16079, 371697
16191, 371798
16143, 371898
16023, 371999
16079, 372100
16143, 372200
16079, 372300
16031, 372402
16079, 372502
16143, 372602
16111, 372703
16111, 372804
16191, 372904
16191, 373005
16111, 373105
15999, 373207
16079, 373307
16207, 373407
16175, 373508
16063, 373609
16095, 373709
16143, 373810
16143, 373910
16191, 374011
16031, 374112
16111, 374212
16079, 374313
16143, 374414
16175, 374514
16287, 374615
16079, 374716
16111, 374816
16079, 374917
16191, 375017
16175, 375118
16143, 375219
16191, 375319
16143, 375419
16143, 375521
15999, 375621
16111, 375721
16207, 375822
16079, 375923
16207, 376024
15887, 376124
16079, 376224
16079, 376326
16111, 376426
16079, 376526
16111, 376627
16079, 376728
16079, 376828
16079, 376929
16079, 377029
16207, 377131
16175, 377231
16055, 377331
16031, 377433
16063, 377533
16079, 377633
16079, 377734
16079, 377835
16063, 377935
16047, 378036
16031, 378136
16063, 378237
16143, 378338
15991, 378438
15951, 378539
16191, 378640
16079, 378740
16207, 378841
15999, 378941
16111, 379042
16031, 379143
16143, 379243
16175, 379343
16111, 379445
16111, 379545
16079, 379645
16111, 379746
16111, 379847
16143, 379948
16111, 380048
16143, 380148
16079, 380250
16111, 380350
16175, 380450
16031, 380552
16063, 380652
16175, 380752
16079, 380853
16191, 380954
16191, 381054
16031, 381155
16079, 381255
16111, 381357
16079, 381457
15999, 381557
16079, 381658
16175, 381759
16111, 381859
16071, 381960
16111, 382060
15935, 382161
16207, 382262
16023, 382362
16063, 382462
16031, 382564
16079, 382664
16063, 382765
16079, 382865
16143, 382966
16063, 383067
16055, 383167
16055, 383267
16143, 383369
16079, 383469
16063, 383569
16191, 383671
16023, 383771
16111, 383872
16031, 383972
16071, 384073
16143, 384174
16175, 384274
16063, 384374
16111, 384476
16143, 384576
16063, 384676
16047, 384777
16207, 384878
16111, 384978
16143, 385079
16191, 385179
16143, 385281
16143, 385381
16031, 385481
16079, 385582
16207, 385683
16079, 385783
16079, 385884
16079, 385984
16079, 386085
16055, 386186
16111, 386286
16063, 386386
16031, 386488
16079, 386588
16047, 386689
16095, 386789
16063, 386890
16191, 386991
16143, 387091
16079, 387191
16095, 387293
16079, 387393
16143, 387493
16207, 387595
16031, 387695
16063, 387795
16019, 387896
16143, 387997
16063, 388098
16143, 388198
16143, 388298
16079, 388400
16143, 388500
16143, 388600
16143, 388701
16079, 388802
16079, 388902
16175, 389003
16143, 389103
16191, 389204
16111, 389305
16063, 389405
16143, 389506
16031, 389607
16143, 389707
16111, 389808
16207, 389908
16063, 390009
16143, 390110
16207, 390210
16143, 390310
16207, 390412
16039, 390512
16063, 390612
16063, 390714
15935, 390814
15951, 390915
16111, 391015
16063, 391116
16055, 391217
16175, 391317
16079, 391417
16143, 391519
16143, 391619
16079, 391719
16191, 391820
16079, 391921
16207, 392022
15951, 392122
16191, 392222
16079, 392324
16191, 392424
16079, 392524
16143, 392625
16095, 392726
16079, 392826
16207, 392927
16063, 393027
16079, 393128
16023, 393229
16143, 393329
16175, 393430
16079, 393531
16079, 393631
16143, 393732
16079, 393833
16143, 393933
16207, 394034
16111, 394134
16019, 394235
16079, 394336
16031, 394436
16143, 394536
16143, 394638
16143, 394738
16191, 394839
16207, 394939
16111, 395040
16079, 395141
15951, 395241
16063, 395341
16191, 395443
16079, 395543
16207, 395643
16079, 395744
15999, 395845
16079, 395945
16079, 396046
16175, 396146
16143, 396248
16111, 396348
16079, 396448
16079, 396549
16143, 396650
16143, 396750
16079, 396851
16111, 396952
16079, 397052
16175, 397153
16111, 397253
16079, 397355
16095, 397455
16079, 397555
16143, 397656
16207, 397757
16111, 397857
16059, 397958
16191, 398058
16255, 398159
15935, 398260
15999, 398360
16143, 398460
16031, 398562
16111, 398662
16031, 398763
16079, 398863
16143, 398964
16047, 399065
16191, 399165
16111, 399265
16175, 399367
16191, 399467
16207, 399567
16079, 399668
16175, 399769
16079, 399869
16079, 399970
16143, 400070
16079, 400172
16191, 400272
16079, 400372
16059, 400474
16111, 400574
16191, 400674
16055, 400775
16079, 400876
16079, 400976
16143, 401077
16207, 401177
16143, 401278
16191, 401379
16079, 401479
16079, 401580
16143, 401681
16079, 401781
16207, 401882
16111, 401982
16143, 402083
16111, 402184
16143, 402284
16175, 402384
16047, 402486
16207, 402586
16191, 402686
15951, 402787
16335, 402888
15951, 402989
15999, 403089
16079, 403189
16111, 403291
16079, 403391
16079, 403491
16055, 403592
16031, 403693
16207, 403793
16079, 403894
16111, 403995
16063, 404096
16019, 404196
16047, 404296
16175, 404398
16143, 404498
16191, 404598
16111, 404699
16111, 404800
16063, 404900
16111, 405001
16055, 405101
16175, 405202
16079, 405303
16079, 405403
16111, 405504
16031, 405605
16191, 405705
16143, 405806
16111, 405906
16063, 406007
16079, 406108
16063, 406208
16143, 406308
16079, 406410
16063, 406510
16079, 406610
16079, 406711
16079, 406812
16079, 406913
16143, 407013
16079, 407114
16047, 407215
16143, 407315
16111, 407415
16143, 407517
16175, 407617
16031, 407717
16079, 407818
16079, 407919
16079, 408019
16143, 408120
16079, 408220
16207, 408322
16143, 408422
16143, 408522
16079, 408623
16111, 408724
16143, 408824
15951, 408925
16079, 409025
16143, 409126
16055, 409227
16111, 409327
16079, 409427
16111, 409529
16079, 409629
16143, 409730
16175, 409830
16143, 409931
16111, 410032
16079, 410132
15999, 410232
16079, 410334
15951, 410434
16063, 410534
16191, 410636
16031, 410736
16207, 410836
16079, 410937
16111, 411038
16079, 411139
15999, 411239
16175, 411339
16079, 411441
16175, 411541
16079, 411641
16047, 411742
16111, 411843
15999, 411943
16143, 412044
16175, 412144
16111, 412246
16175, 412346
16023, 412446
16143, 412547
16063, 412648
16175, 412748
16111, 412849
16031, 412949
16027, 413050
16207, 413151
16111, 413251
16207, 413351
16207, 413453
16207, 413553
16031, 413654
16143, 413754
16111, 413855
15951, 413956
16031, 414056
16111, 414156
16143, 414258
15887, 414358
16031, 414458
16111, 414559
16175, 414660
16063, 414760
16175, 414861
16175, 414962
16063, 415063
16143, 415163
16079, 415263
16191, 415365
16079, 415465
16079, 415565
16143, 415666
16207, 415767
15951, 415867
16143, 415968
16079, 416068
16111, 416169
16207, 416270
16079, 416370
16175, 416471
16175, 416572
16207, 416672
16023, 416773
16111, 416873
15991, 416974
16143, 417075
16079, 417175
16063, 417275
16111, 417377
16079, 417477
16079, 417577
16143, 417678
16207, 417779
16095, 417880
16191, 417980
16111, 418080
16143, 418182
16143, 418282
16079, 418382
16079, 418483
16191, 418584
16079, 418684
16191, 418785
16175, 418886
16143, 418987
16063, 419087
16191, 419187
16111, 419289
16079, 419389
16191, 419489
16111, 419590
16175, 419691
16063, 419791
16079, 419892
16047, 419992
16079, 420093
16079, 420194
16063, 420294
16079, 420395
16111, 420496
16063, 420596
16111, 420697
16175, 420797
16287, 420898
16079, 420999
16079, 421099
16079, 421199
16023, 421301
16079, 421401
16031, 421501
16063, 421602
16079, 421703
16143, 421804
16079, 421904
16063, 422004
16143, 422106
16111, 422206
16079, 422306
16143, 422408
16059, 422508
16039, 422608
16143, 422709
15951, 422810
16207, 422910
16063, 423011
16063, 423111
16071, 423213
16111, 423313
16031, 423413
16031, 423514
16111, 423615
16191, 423715
16111, 423816
16079, 423916
16111, 424017
16063, 424118
16019, 424218
16019, 424318
16079, 424420
15935, 424520
16175, 424621
16079, 424721
16111, 424822
16143, 424923
16143, 425023
16175, 425123
16143, 425225
16079, 425325
16079, 425425
16175, 425526
16207, 425627
16095, 425728
16079, 425828
16143, 425928
16143, 426030
16063, 426130
16111, 426230
16023, 426332
16111, 426432
16071, 426532
16079, 426633
16143, 426734
16175, 426834
16079, 426935
16175, 427035
16079, 427137
16063, 427237
16079, 427337
16191, 427438
16111, 427539
16031, 427639
16207, 427740
16055, 427840
16063, 427941
16079, 428042
16063, 428142
16031, 428242
16143, 428344
16055, 428444
16079, 428545
16207, 428645
16079, 428746
16079, 428847
16079, 428947
16207, 429047
16143, 429149
16175, 429249
16023, 429349
16191, 429450
16055, 429551
16111, 429651
16111, 429752
16079, 429853
16079, 429954
16023, 430054
16079, 430154
16079, 430256
16287, 430356
16207, 430456
16271, 430557
16191, 430658
16079, 430758
16143, 430859
16143, 430959
16079, 431060
16143, 431161
16175, 431261
16063, 431362
16143, 431463
16079, 431563
16143, 431664
16019, 431764
16023, 431865
16079, 431966
16175, 432066
16023, 432166
16207, 432268
16111, 432368
16079, 432468
16175, 432569
16079, 432670
16143, 432771
16175, 432871
16143, 432972
16143, 433073
16143, 433173
16191, 433273
16063, 433375
16143, 433475
16063, 433575
16143, 433676
16143, 433777
16047, 433878
16095, 433978
16031, 434078
16019, 434180
16175, 434280
16255, 434380
16019, 434481
16111, 434582
16023, 434682
16079, 434783
16031, 434883
16143, 434984
16023, 435085
16143, 435185
16111, 435286
16079, 435387
16191, 435487
16095, 435588
16143, 435688
16079, 435789
16079, 435890
16271, 435990
16191, 436090
16079, 436192
16143, 436292
16031, 436392
16111, 436494
16143, 436594
16191, 436695
16079, 436795
16143, 436896
16039, 436997
15999, 437097
16191, 437197
16191, 437299
16143, 437399
15991, 437499
16095, 437600
16143, 437701
16079, 437801
16063, 437902
16079, 438002
16143, 438104
16143, 438204
16055, 438304
16207, 438405
16079, 438506
16143, 438606
16063, 438707
16079, 438807
16111, 438908
16095, 439009
16143, 439109
16111, 439209
16191, 439311
16143, 439411
16031, 439512
16079, 439612
16191, 439713
16191, 439814
16143, 439914
16191, 440015
16255, 440116
16079, 440216
15951, 440316
16039, 440418
16063, 440518
16111, 440619
16023, 440719
16207, 440820
16111, 440921
16143, 441021
16079, 441121
16031, 441223
16143, 441323
16095, 441423
16031, 441524
16191, 441625
15999, 441725
16055, 441826
16079, 441926
16079, 442028
16079, 442128
16079, 442228
16079, 442329
16023, 442430
16143, 442530
16079, 442631
16063, 442731
16207, 442832
16207, 442933
16143, 443033
16031, 443133
16063, 443235
16079, 443335
16175, 443436
16207, 443537
16143, 443637
16079, 443738
16143, 443838
16111, 443939
16019, 444040
16079, 444140
16191, 444240
16031, 444342
16143, 444442
16027, 444542
16143, 444643
16175, 444744
16111, 444845
16287, 444945
16191, 445045
16079, 445147
16191, 445247
16079, 445347
16191, 445448
16111, 445549
16111, 445649
16063, 445750
16207, 445850
16111, 445952
16143, 446052
16175, 446152
16175, 446253
16047, 446354
16079, 446454
16079, 446555
16079, 446656
16079, 446756
16023, 446857
16039, 446957
16031, 447058
15999, 447159
16095, 447259
16111, 447360
16047, 447461
16175, 447561
16079, 447662
16031, 447762
16191, 447863
16079, 447964
16079, 448064
16143, 448164
16079, 448266
15935, 448366
16143, 448466
16055, 448567
16143, 448668
16031, 448769
16143, 448869
15991, 448969
16111, 449071
16019, 449171
16079, 449271
16143, 449372
16079, 449473
16111, 449573
16079, 449674
16175, 449775
16111, 449875
16207, 449976
16023, 450076
16079, 450178
16079, 450278
16055, 450378
16079, 450479
16271, 450580
16143, 450680
16027, 450781
15999, 450881
16191, 450982
16079, 451083
16207, 451183
16063, 451283
15951, 451385
16191, 451485
16175, 451586
16207, 451686
16207, 451787
16111, 451888
16143, 451988
16079, 452088
16143, 452190
16175, 452290
16023, 452390
16143, 452491
15991, 452592
16063, 452692
16063, 452793
16111, 452893
16175, 452995
16079, 453095
16019, 453195
16111, 453297
16111, 453397
16111, 453497
16191, 453598
16111, 453699
16079, 453799
16079, 453900
16143, 454000
16031, 454102
16079, 454202
16079, 454302
16079, 454403
16031, 454504
16207, 454604
16079, 454705
16063, 454805
16175, 454906
16111, 455007
16175, 455107
16071, 455207
16031, 455309
16175, 455409
16019, 455510
16079, 455610
16143, 455711
16143, 455812
16207, 455912
16191, 456012
16143, 456114
16079, 456214
16079, 456314
16079, 456415
16079, 456516
16031, 456616
16111, 456717
16143, 456818
16143, 456919
16023, 457019
16191, 457119
16255, 457221
16055, 457321
16191, 457421
16031, 457522
16047, 457623
16111, 457723
16111, 457824
16143, 457924
16143, 458025
16111, 458126
15951, 458226
16079, 458327
16143, 458428
15951, 458528
16143, 458629
16111, 458729
16143, 458830
16143, 458931
16111, 459031
16079, 459131
16143, 459233
16111, 459333
16143, 459433
16079, 459534
16079, 459635
16175, 459736
16143, 459836
16079, 459936
16191, 460038
16079, 460138
16207, 460238
16111, 460340
16111, 460440
16143, 460540
16191, 460641
16143, 460742
16063, 460843
16055, 460943
16079, 461043
16207, 461145
16143, 461245
16031, 461345
16143, 461446
16143, 461547
16079, 461647
16019, 461748
16079, 461848
16079, 461949
16111, 462050
16191, 462150
16023, 462251
16111, 462352
16271, 462452
16063, 462553
16063, 462653
16111, 462754
16079, 462855
16111, 462955
16175, 463055
16079, 463157
16143, 463257
16111, 463357
15951, 463458
16079, 463559
16063, 463660
16143, 463760
16191, 463861
16031, 463962
16175, 464062
16191, 464162
16143, 464264
16111, 464364
16143, 464464
16143, 464565
16063, 464666
16143, 464766
16079, 464867
16023, 464967
16063, 465069
16047, 465169
15951, 465269
16143, 465370
16055, 465471
16063, 465571
16111, 465672
16207, 465772
16143, 465873
16191, 465974
15991, 466074
16191, 466174
16111, 466276
16039, 466376
16055, 466477
16143, 466577
16191, 466678
16079, 466779
16143, 466879
16047, 466979
15935, 467081
16023, 467181
16031, 467281
16079, 467383
16143, 467483
16111, 467584
16079, 467684
16111, 467785
16175, 467886
16207, 467986
16059, 468086
16191, 468188
16095, 468288
16031, 468388
16079, 468489
15991, 468590
16191, 468690
16111, 468791
16079, 468891
16143, 468993
16175, 469093
16079, 469193
16079, 469294
16079, 469395
16111, 469495
16047, 469596
16111, 469696
16023, 469797
16111, 469898
15999, 469998
16175, 470098
16079, 470200
16191, 470300
16111, 470401
16079, 470502
16063, 470602
16079, 470703
16175, 470803
16207, 470904
16095, 471005
16063, 471105
16047, 471205
16055, 471307
16143, 471407
16095, 471507
16111, 471608
16079, 471709
16207, 471810
16063, 471910
16023, 472010
16207, 472112
16079, 472212
16111, 472312
16191, 472413
16191, 472514
16079, 472614
15999, 472715
16175, 472815
16111, 472916
16031, 473017
15887, 473117
16079, 473218
16191, 473319
16143, 473419
16111, 473520
16143, 473621
16079, 473721
16111, 473822
16191, 473922
16111, 474023
16079, 474124
16207, 474224
16063, 474324
16111, 474426
16191, 474526
15999, 474627
16063, 474727
16143, 474828
16079, 474929
16143, 475029
16079, 475129
16111, 475231
16095, 475331
16079, 475431
15951, 475532
16111, 475633
16255, 475734
16063, 475834
16023, 475934
16175, 476036
16079, 476136
16079, 476236
16031, 476337
16207, 476438
16031, 476538
16079, 476639
16111, 476740
16023, 476840
16207, 476941
16111, 477041
15999, 477143
16191, 477243
16031, 477343
16047, 477444
16063, 477545
16079, 477645
16207, 477746
16079, 477846
16111, 477947
16079, 478048
16207, 478148
16143, 478248
16047, 478350
16111, 478450
16079, 478551
16047, 478651
16143, 478752
16079, 478853
16111, 478953
16063, 479053
16111, 479155
16207, 479255
16063, 479355
16143, 479456
16143, 479557
16143, 479657
16143, 479758
16143, 479859
15951, 479960
16111, 480060
16143, 480160
16063, 480262
16111, 480362
16143, 480462
16207, 480563
16079, 480664
16079, 480764
16143, 480865
16111, 480965
16111, 481067
16143, 481167
15935, 481267
16059, 481368
16111, 481469
16023, 481569
16143, 481670
16143, 481770
16143, 481871
16047, 481972
16255, 482072
16063, 482172
16079, 482274
16207, 482374
16175, 482475
16079, 482575
16255, 482676
16143, 482777
16063, 482877
16079, 482977
15999, 483079
16111, 483179
16079, 483279
16095, 483381
16079, 483481
16111, 483581
16143, 483682
16095, 483783
16079, 483884
16207, 483984
16319, 484084
15951, 484186
16079, 484286
16031, 484386
16063, 484487
16079, 484588
16079, 484688
16111, 484789
16031, 484889
16055, 484990
16143, 485091
16027, 485191
16031, 485292
16095, 485393
16191, 485493
15951, 485594
16079, 485694
16111, 485795
16079, 485896
16079, 485996
16111, 486096
16111, 486198
16063, 486298
16071, 486398
16079, 486499
16111, 486600
16047, 486701
16111, 486801
16111, 486902
16143, 487003
16079, 487103
16143, 487203
15951, 487305
16191, 487405
16111, 487505
16023, 487606
16055, 487707
16111, 487808
16143, 487908
16079, 488008
16111, 488110
16031, 488210
16207, 488310
16055, 488411
16063, 488512
16143, 488612
16143, 488713
16111, 488813
16079, 488914
16079, 489015
16031, 489115
16111, 489216
15951, 489317
16191, 489417
16063, 489518
16063, 489618
16047, 489719
16191, 489820
16191, 489920
16175, 490021
16111, 490122
16191, 490222
16095, 490322
16079, 490424
16111, 490524
16079, 490625
16023, 490725
16079, 490826
15991, 490927
16143, 491027
16335, 491127
16031, 491229
16023, 491329
16023, 491429
16047, 491530
16063, 491631
16079, 491731
16039, 491832
16143, 491932
16047, 492034
16287, 492134
16111, 492234
16111, 492335
16055, 492436
16175, 492536
16191, 492637
16079, 492737
16111, 492838
16079, 492939
16079, 493039
16055, 493139
16111, 493241
15951, 493341
16143, 493442
16079, 493543
16079, 493643
16031, 493744
16019, 493844
16143, 493945
16039, 494046
16207, 494146
16063, 494246
16191, 494348
16111, 494448
16143, 494548
16063, 494649
16079, 494750
16019, 494851
16271, 494951
16207, 495051
16111, 495153
16207, 495253
16207, 495353
15919, 495454
16111, 495555
16079, 495655
16079, 495756
16079, 495856
16063, 495958
15951, 496058
16023, 496158
16143, 496259
16079, 496360
16055, 496460
16023, 496561
16175, 496662
16111, 496762
16063, 496863
16063, 496963
16023, 497064
16079, 497165
16111, 497265
16143, 497366
16143, 497467
16143, 497567
16191, 497668
16143, 497768
16047, 497869
16271, 497970
16055, 498070
16079, 498170
16207, 498272
16143, 498372
16207, 498472
16111, 498573
16143, 498674
16079, 498775
16191, 498875
16079, 498975
16191, 499077
16143, 499177
16191, 499277
16143, 499378
16143, 499479
16031, 499579
16079, 499680
15951, 499780
15935, 499881
16175, 499982
16175, 500082
16031, 500184
16047, 500284
16079, 500384
16191, 500485
16055, 500586
16111, 500686
16079, 500787
16063, 500887
16079, 500988
16207, 501089
16079, 501189
16031, 501289
16143, 501391
16079, 501491
15999, 501592
16111, 501692
16027, 501793
16191, 501894
16175, 501994
16079, 502094
16079, 502196
16143, 502296
16111, 502396
16079, 502497
16079, 502598
16143, 502699
16143, 502799
16079, 502899
16079, 503001
16287, 503101
16079, 503201
16079, 503303
16207, 503403
16143, 503503
16143, 503604
16095, 503705
16207, 503805
15999, 503906
16303, 504006
16207, 504108
16175, 504208
16175, 504308
16111, 504409
16111, 504510
16303, 504610
16019, 504711
16079, 504811
16111, 504912
16111, 505013
16079, 505113
16055, 505213
16079, 505315
16079, 505415
16191, 505516
16079, 505616
16079, 505717
16143, 505818
16143, 505918
16143, 506018
16143, 506120
16175, 506220
16143, 506320
16019, 506421
16079, 506522
16031, 506622
16047, 506723
16143, 506824
16063, 506925
15999, 507025
16023, 507125
16063, 507227
16143, 507327
16079, 507427
16063, 507528
15999, 507629
16079, 507729
16175, 507830
16023, 507930
16207, 508032
16143, 508132
16191, 508232
16175, 508333
16079, 508434
15999, 508534
16111, 508635
16207, 508735
16063, 508836
16191, 508937
16143, 509037
16063, 509137
16143, 509239
15991, 509339
16063, 509440
16143, 509540
15935, 509641
16207, 509742
16143, 509842
16111, 509943
16031, 510044
16143, 510144
16047, 510244
16143, 510346
16079, 510446
16143, 510546
16079, 510647
16143, 510748
16143, 510849
16079, 510949
16111, 511049
16191, 511151
16023, 511251
16207, 511351
15935, 511452
16111, 511553
16079, 511653
16079, 511754
15999, 511854
16111, 511955
16191, 512056
16191, 512156
16063, 512257
16111, 512358
16079, 512458
16175, 512559
16047, 512660
16111, 512760
16059, 512861
16175, 512961
16111, 513062
16079, 513163
16287, 513263
16063, 513363
16063, 513465
16079, 513565
16143, 513666
15935, 513766
16079, 513867
16191, 513968
16143, 514068
16023, 514168
16079, 514270
16071, 514370
15951, 514470
16191, 514571
16079, 514672
16175, 514772
16191, 514873
16031, 514973
16079, 515075
16031, 515175
16023, 515275
16207, 515376
16023, 515477
16079, 515577
16031, 515678
16111, 515778
16111, 515879
16055, 515980
16111, 516080
16079, 516180
16079, 516282
16111, 516382
16143, 516483
16175, 516584
16055, 516684
16079, 516785
16031, 516885
16079, 516986
16079, 517087
16055, 517187
16079, 517287
16207, 517389
16207, 517489
16047, 517590
16079, 517690
15951, 517791
16111, 517892
15999, 517992
16031, 518092
16023, 518194
16207, 518294
16111, 518394
16303, 518495
16111, 518596
16047, 518696
16023, 518797
15999, 518897
16023, 518999
16111, 519099
16063, 519199
15991, 519300
16175, 519401
16063, 519501
16079, 519602
16191, 519702
16175, 519803
16079, 519904
16111, 520004
16271, 520105
16175, 520206
16191, 520306
16079, 520407
15951, 520508
16111, 520608
16019, 520709
16111, 520809
16079, 520910
16143, 521011
16031, 521111
16191, 521211
16175, 521313
16031, 521413
16047, 521513
16111, 521614
16111, 521715
15951, 521816
16191, 521916
16063, 522016
16079, 522118
15999, 522218
15999, 522318
16111, 522419
16143, 522520
16063, 522620
16111, 522721
16191, 522821
16047, 522923
16191, 523023
16079, 523123
16079, 523224
16143, 523325
16079, 523425
16079, 523526
16063, 523627
16143, 523727
16111, 523828
16063, 523928
16207, 524029
16031, 524130
16019, 524230
16095, 524331
16175, 524432
16111, 524532
16031, 524633
16079, 524733
16111, 524834
16031, 524935
16063, 525035
16111, 525135
16191, 525237
16047, 525337
16175, 525437
16063, 525538
16191, 525639
16079, 525740
16079, 525840
16207, 525940
16207, 526042
16111, 526142
16175, 526242
16059, 526343
16143, 526444
16111, 526544
16079, 526645
16047, 526745
16079, 526846
16143, 526947
16079, 527047
16175, 527149
16191, 527249
16207, 527349
16111, 527450
16143, 527551
16191, 527651
16079, 527752
15935, 527852
16079, 527953
16111, 528054
16079, 528154
16191, 528254
16079, 528356
16207, 528456
16111, 528557
16079, 528657
16175, 528758
15951, 528859
16031, 528959
15951, 529059
16047, 529161
16047, 529261
16059, 529361
16063, 529462
16111, 529563
16079, 529664
16055, 529764
16111, 529864
16095, 529966
16079, 530066
16079, 530166
16079, 530268
16111, 530368
16111, 530468
16063, 530569
16095, 530670
16111, 530770
16111, 530871
16191, 530971
16111, 531073
16111, 531173
16047, 531273
16111, 531374
16079, 531475
16079, 531575
16047, 531676
16175, 531776
15999, 531877
16111, 531978
16111, 532078
16191, 532178
16023, 532280
16031, 532380
16143, 532481
16063, 532581
16143, 532682
15991, 532783
16207, 532883
16207, 532983
16143, 533085
16079, 533185
16191, 533285
16079, 533387
16191, 533487
16079, 533587
16143, 533688
16055, 533789
16207, 533890
16063, 533990
16079, 534090
16175, 534192
16063, 534292
16079, 534392
15999, 534493
16143, 534594
16143, 534694
16191, 534795
16079, 534895
15935, 534996
16079, 535097
16079, 535197
16079, 535298
16071, 535399
16079, 535499
16019, 535600
16175, 535700
16063, 535801
16055, 535902
15999, 536002
16031, 536102
15951, 536204
16079, 536304
16143, 536404
16255, 536506
16079, 536606
16079, 536707
16095, 536807
16079, 536908
16079, 537009
16079, 537109
16143, 537209
16079, 537311
16079, 537411
16055, 537511
16039, 537612
16191, 537713
16143, 537814
16063, 537914
16191, 538014
16207, 538116
16063, 538216
16271, 538316
16095, 538417
16143, 538518
16111, 538618
16079, 538719
16055, 538819
16143, 538920
16111, 539021
16063, 539121
16023, 539222
16079, 539323
16079, 539423
16079, 539524
16191, 539624
16143, 539725
16063, 539826
16143, 539926
16079, 540027
16079, 540128
16191, 540228
16175, 540328
16143, 540430
16111, 540530
16079, 540631
16019, 540731
16143, 540832
16111, 540933
16175, 541033
16175, 541133
16207, 541235
16079, 541335
16143, 541435
16055, 541536
16143, 541637
16175, 541737
16143, 541838
16143, 541938
15951, 542040
16079, 542140
16079, 542240
16143, 542341
16079, 542442
15999, 542542
16063, 542643
16047, 542743
16143, 542844
16079, 542945
16207, 543045
16063, 543147
16143, 543247
16031, 543347
16191, 543448
16079, 543549
16063, 543649
16079, 543750
16207, 543850
16031, 543951
16191, 544052
16191, 544152
16079, 544252
16191, 544354
16023, 544454
15999, 544555
16111, 544655
16031, 544756
16207, 544857
16079, 544957
16143, 545057
16079, 545159
16079, 545259
16063, 545359
16175, 545460
16143, 545561
16111, 545661
16175, 545762
15951, 545862
16055, 545964
16143, 546064
16143, 546164
16143, 546265
16079, 546366
16111, 546466
16207, 546567
16019, 546668
16079, 546768
16079, 546869
16143, 546969
16111, 547070
16063, 547171
16207, 547271
16111, 547372
16191, 547473
16063, 547573
16111, 547674
16111, 547774
16079, 547875
16047, 547976
15951, 548076
16143, 548176
16191, 548278
15991, 548378
16079, 548478
16079, 548579
16031, 548680
16079, 548781
16079, 548881
15951, 548981
16143, 549083
16079, 549183
15951, 549283
16079, 549384
15935, 549485
16079, 549585
16063, 549686
16079, 549787
16063, 549888
16079, 549988
16019, 550088
16055, 550190
16111, 550290
16143, 550390
16063, 550491
16063, 550592
16031, 550692
16059, 550793
16143, 550893
15999, 550994
16111, 551095
16143, 551195
16023, 551296
16079, 551397
15887, 551497
16079, 551598
16063, 551698
16071, 551799
16143, 551900
16143, 552000
16079, 552100
16095, 552202
16143, 552302
16191, 552402
16079, 552503
16111, 552604
16079, 552705
16143, 552805
16019, 552906
16079, 553007
16079, 553107
16191, 553207
16063, 553309
16143, 553409
16079, 553509
16143, 553610
16143, 553711
16079, 553811
16191, 553912
16111, 554012
16175, 554114
16063, 554214
16063, 554314
16079, 554415
15871, 554516
16143, 554616
16063, 554717
16207, 554817
16063, 554918
16063, 555019
16175, 555119
16079, 555219
16143, 555321
15991, 555421
15887, 555522
16039, 555622
16079, 555723
16111, 555824
15991, 555924
16191, 556024
16079, 556126
16031, 556226
16059, 556326
16143, 556428
16111, 556528
16111, 556628
16111, 556729
16079, 556830
16143, 556931
16175, 557031
16143, 557131
16031, 557233
16079, 557333
16175, 557433
16047, 557534
16031, 557635
15999, 557735
16111, 557836
16047, 557936
16111, 558038
16111, 558138
16207, 558238
16143, 558339
16079, 558440
16079, 558540
16287, 558641
16079, 558741
16111, 558842
16027, 558943
16175, 559043
16063, 559143
16023, 559245
16079, 559345
16111, 559446
16079, 559547
16079, 559647
16023, 559748
16111, 559848
16111, 559949
16175, 560050
16111, 560150
16079, 560250
16191, 560352
16079, 560452
16079, 560552
16079, 560653
16095, 560754
16111, 560855
16111, 560955
16063, 561055
16175, 561157
16143, 561257
16143, 561357
16079, 561458
16079, 561559
16079, 561659
16079, 561760
16143, 561860
16143, 561961
16079, 562062
16055, 562162
16063, 562263
16111, 562364
16079, 562464
16111, 562565
15999, 562666
16079, 562766
16111, 562867
16079, 562967
16063, 563068
16079, 563169
16079, 563269
16079, 563369
16111, 563471
16175, 563571
16207, 563672
16207, 563772
15951, 563873
16079, 563974
16111, 564074
16019, 564174
16079, 564276
16079, 564376
16111, 564476
15999, 564577
16143, 564678
16031, 564779
16047, 564879
16079, 564979
16111, 565081
16027, 565181
16071, 565281
16111, 565382
16175, 565483
16175, 565583
16111, 565684
16143, 565784
16143, 565885
16191, 565986
16079, 566086
16143, 566188
16079, 566288
16079, 566388
16063, 566489
16055, 566590
16191, 566690
16143, 566791
16207, 566891
16063, 566992
16079, 567093
16175, 567193
16079, 567293
16111, 567395
16191, 567495
16143, 567596
16207, 567696
16143, 567797
16175, 567898
16175, 567998
16063, 568098
16079, 568200
16207, 568300
16143, 568400
16047, 568501
16031, 568602
15999, 568702
16255, 568803
16143, 568903
15991, 569005
16111, 569105
16143, 569205
16111, 569307
16079, 569407
16079, 569507
16063, 569608
16111, 569709
16079, 569809
15935, 569910
16111, 570010
16079, 570112
16079, 570212
16055, 570312
16079, 570413
16287, 570514
16143, 570614
15991, 570715
16063, 570815
16055, 570916
16063, 571017
16055, 571117
16175, 571217
16079, 571319
16079, 571419
16047, 571520
16079, 571620
16191, 571721
16175, 571822
16055, 571922
16079, 572022
16079, 572124
16023, 572224
16079, 572324
16143, 572425
16191, 572526
16143, 572626
16031, 572727
16175, 572828
16063, 572929
16079, 573029
16047, 573129
16063, 573231
16079, 573331
16191, 573431
16255, 573532
16191, 573633
16055, 573733
16207, 573834
16055, 573934
16143, 574035
15951, 574136
16031, 574236
16047, 574337
16207, 574438
16207, 574538
16079, 574639
16111, 574739
16079, 574840
16059, 574941
15999, 575041
16079, 575141
16191, 575243
16175, 575343
16111, 575443
16079, 575544
16207, 575645
16207, 575746
16031, 575846
16063, 575947
16079, 576048
15951, 576148
16207, 576248
16111, 576350
16111, 576450
16191, 576550
16063, 576651
16175, 576752
16031, 576852
15951, 576953
16031, 577053
16079, 577155
16019, 577255
16095, 577355
16111, 577456
16191, 577557
16111, 577657
16063, 577758
16047, 577858
16191, 577959
16079, 578060
16191, 578160
16055, 578260
16079, 578362
16079, 578462
16063, 578563
16079, 578663
16143, 578764
16031, 578865
16023, 578965
16143, 579066
16143, 579167
16143, 579267
16079, 579367
16207, 579469
16143, 579569
16031, 579670
16111, 579770
16175, 579871
16079, 579972
16031, 580072
16039, 580172
16079, 580274
16143, 580374
16079, 580474
16079, 580575
16111, 580676
16303, 580776
16031, 580877
16079, 580977
16191, 581079
16143, 581179
16111, 581279
16111, 581380
16079, 581481
16143, 581581
16207, 581682
16111, 581782
16079, 581883
16191, 581984
16143, 582084
16079, 582184
16143, 582286
16143, 582386
16079, 582487
15919, 582588
16111, 582688
16063, 582789
16031, 582889
16271, 582990
16095, 583091
16023, 583191
16023, 583291
16207, 583393
16079, 583493
16191, 583593
16111, 583694
16063, 583795
16063, 583896
16287, 583996
16111, 584096
16111, 584198
16111, 584298
16111, 584398
15999, 584499
16079, 584600
15951, 584700
16055, 584801
16111, 584901
16111, 585003
16055, 585103
16019, 585203
16207, 585304
16111, 585405
16079, 585505
16079, 585606
16111, 585707
16175, 585807
16031, 585908
16047, 586008
16027, 586109
16055, 586210
16079, 586310
16031, 586411
16023, 586512
16055, 586612
16143, 586713
16071, 586813
16079, 586914
16055, 587015
16143, 587115
16079, 587215
16111, 587317
16143, 587417
16063, 587517
16207, 587618
16175, 587719
16175, 587820
16079, 587920
16191, 588020
16047, 588122
16111, 588222
16047, 588322
16079, 588423
16079, 588524
16207, 588624
16079, 588725
16207, 588826
15951, 588926
16191, 589027
16143, 589127
16143, 589229
16063, 589329
16079, 589429
16111, 589530
16143, 589631
16111, 589731
16079, 589832
16143, 589932
16079, 590033
16207, 590134
16031, 590234
16079, 590334
16143, 590436
16079, 590536
16143, 590637
16063, 590737
16143, 590838
16111, 590939
16143, 591039
16079, 591139
16023, 591241
15999, 591341
16191, 591441
16063, 591542
16055, 591643
16079, 591744
16143, 591844
16207, 591945
16111, 592046
16079, 592146
16111, 592246
16079, 592348
16143, 592448
16079, 592548
16079, 592649
16079, 592750
15951, 592850
16191, 592951
16079, 593051
16111, 593153
16063, 593253
16143, 593353
16175, 593454
16079, 593555
16063, 593655
16143, 593756
16023, 593856
16047, 593957
16191, 594058
16023, 594158
16111, 594258
16079, 594360
16111, 594460
16079, 594561
16191, 594661
16063, 594762
16095, 594863
16111, 594963
16111, 595064
16111, 595165
16111, 595265
16079, 595365
16207, 595467
16047, 595567
16207, 595667
16079, 595768
16175, 595869
16143, 595970
16079, 596070
16031, 596170
16079, 596272
16111, 596372
16143, 596472
16191, 596573
16031, 596674
16207, 596774
16111, 596875
16079, 596975
16143, 597076
16079, 597177
16111, 597277
16191, 597378
16047, 597479
16079, 597579
16175, 597680
16063, 597780
