20143, 1087
20175, 1187
19919, 1288
20047, 1388
19919, 1488
19919, 1589
19919, 1690
20047, 1790
19983, 1891
20047, 1991
421
18767, 4521
18879, 4622
18895, 4722
18959, 4823
18767, 4924
18959, 5024
18959, 5125
895, 4220
18959, 4321
18895, 4421
18767, 4521
18879, 4622
18895, 4722
18959, 4823
18767, 4924
18959, 5024
18959, 5125
895, 4220
18959, 4321
18895, 4421
18767, 4521
18879, 4622
18895, 4722
18959, 4823
18767, 4924
18959, 5024
18959, 5125
18959, 0
18959, 100
18879, 200
18959, 301
18959, 401
18959, 501
18959, 602
18879, 702
18895, 802
18879, 903
18959, 1003
18959, 1104
18927, 1205
18959, 1305
18959, 1405
18927, 1506
18895, 1606
18895, 1708
18959, 1808
18959, 1908
18895, 2009
18895, 2109
18927, 2209
18895, 2311
18959, 2411
18895, 2511
19007, 2612
18959, 2712
18959, 2812
18959, 2913
19023, 3014
19023, 3115
18927, 3215
18895, 3315
18959, 3416
18879, 3516
18927, 3617
18895, 3718
19023, 3818
18959, 3918
18895, 4019
18879, 4119
18895, 4219
19023, 4321
18895, 4421
18895, 4521
18927, 4622
18959, 4722
18959, 4823
18959, 4924
18959, 5024
18895, 5125
18895, 5225
18895, 5325
19023, 5426
18959, 5527
18895, 5627
18959, 5728
18895, 5828
18959, 5928
19023, 6029
18895, 6129
18959, 6231
18959, 6331
18927, 6431
19007, 6532
18959, 6632
18959, 6732
18895, 6834
18879, 6934
18959, 7034
19023, 7135
18895, 7235
18927, 7335
18847, 7437
18895, 7537
18895, 7638
18879, 7738
19023, 7838
18959, 7939
19023, 8039
18927, 8140
18959, 8241
18927, 8341
18959, 8441
18895, 8542
19007, 8642
18895, 8743
18959, 8844
18959, 8944
18959, 9044
19023, 9145
18959, 9245
18895, 9346
18959, 9447
18895, 9547
18895, 9648
18959, 9748
18895, 9848
18863, 9949
18879, 10050
18927, 10150
18895, 10251
18959, 10351
18895, 10451
19007, 10553
18959, 10653
18895, 10754
18927, 10854
18927, 10954
18959, 11056
18847, 11156
19023, 11256
18959, 11357
18959, 11457
18879, 11558
18847, 11659
18927, 11759
18895, 11859
18879, 11960
18959, 12061
18895, 12162
18879, 12262
18959, 12362
18879, 12463
18879, 12564
18895, 12664
18895, 12765
18959, 12865
18927, 12965
18959, 13067
18959, 13167
18847, 13267
18959, 13368
18895, 13468
18927, 13570
18959, 13670
19007, 13770
18895, 13871
19023, 13971
18959, 14072
18959, 14173
18895, 14273
18895, 14373
18895, 14474
18959, 14575
18959, 14675
18959, 14776
18959, 14876
18895, 14977
18895, 15078
18959, 15178
18895, 15279
18895, 15379
18895, 15479
18959, 15581
18895, 15681
18927, 15781
18959, 15882
18879, 15982
18895, 16083
18959, 16184
18895, 16284
18895, 16385
19023, 16485
18895, 16586
18959, 16687
18895, 16787
18959, 16887
18959, 16988
18959, 17089
18927, 17189
18959, 17290
18895, 17390
18767, 17490
18959, 17592
18895, 17692
18959, 17793
18927, 17893
18927, 17993
18959, 18095
18959, 18195
18959, 18295
18879, 18396
18895, 18496
19007, 18597
18895, 18698
18959, 18798
18927, 18898
18959, 18999
18895, 19100
19023, 19201
18959, 19301
18847, 19401
18927, 19502
18895, 19603
18895, 19703
18959, 19804
18895, 19904
18895, 20004
18959, 20106
18895, 20206
18895, 20306
18959, 20407
18895, 20507
18879, 20609
18895, 20709
18895, 20809
18895, 20910
18959, 21010
18895, 21111
19023, 21212
18959, 21312
18895, 21412
18895, 21513
18895, 21614
18895, 21714
18895, 21815
18895, 21915
18895, 22016
18879, 22117
18959, 22217
18959, 22318
18959, 22418
18895, 22518
18927, 22620
18895, 22720
18895, 22820
18927, 22921
18927, 23021
18895, 23122
19023, 23223
18959, 23323
18927, 23424
18767, 23525
18895, 23625
18959, 23726
18959, 23826
18879, 23926
18879, 24028
18895, 24128
18879, 24228
18847, 24329
18831, 24429
18895, 24530
18959, 24631
18895, 24731
18959, 24832
18959, 24932
18959, 25033
18895, 25134
18823, 25234
18895, 25334
18927, 25435
18863, 25536
18879, 25636
18895, 25737
18879, 25837
18895, 25937
18895, 26039
18871, 26139
18959, 26240
18879, 26340
18959, 26440
18895, 26542
18895, 26642
18959, 26742
18895, 26843
18959, 26943
18847, 27044
18895, 27145
18895, 27245
18895, 27345
18879, 27446
18959, 27547
18895, 27648
18959, 27748
18895, 27848
19007, 27949
18895, 28050
18871, 28150
18895, 28251
18879, 28351
18895, 28451
18959, 28553
18895, 28653
18959, 28753
18959, 28854
18927, 28954
18895, 29056
18959, 29156
18895, 29256
18895, 29357
18895, 29457
18879, 29558
18927, 29659
18895, 29759
18927, 29859
18895, 29960
18959, 30061
18895, 30161
18879, 30262
18927, 30362
18879, 30462
18959, 30564
18959, 30664
18879, 30765
18895, 30865
18959, 30965
18927, 31067
18959, 31167
18959, 31267
18815, 31368
18879, 31468
18879, 31569
19007, 31670
18895, 31770
18863, 31870
18895, 31971
18879, 32072
18879, 32173
18879, 32273
18895, 32373
18959, 32474
19007, 32575
18895, 32675
18927, 32776
18847, 32876
18895, 32976
18959, 33078
18959, 33178
18767, 33278
18895, 33379
18879, 33479
18895, 33581
18895, 33681
18847, 33781
18927, 33882
18895, 33982
18895, 34083
18823, 34184
18879, 34284
18927, 34384
18959, 34485
18895, 34586
18879, 34686
18959, 34787
18959, 34887
18959, 34988
18879, 35089
18927, 35189
18895, 35290
18895, 35390
18895, 35490
18959, 35592
18927, 35692
18895, 35792
18895, 35893
18879, 35993
18895, 36094
18895, 36195
18959, 36295
18895, 36396
18847, 36496
18959, 36597
18879, 36698
18895, 36798
18959, 36898
18895, 36999
18895, 37100
18927, 37200
18879, 37301
18959, 37401
18895, 37501
18879, 37603
18879, 37703
18863, 37804
18895, 37904
18879, 38004
18895, 38106
18895, 38206
18895, 38306
18879, 38407
18895, 38507
18959, 38608
18863, 38709
18927, 38809
18895, 38909
18895, 39010
18895, 39111
18959, 39212
19007, 39312
18879, 39412
18847, 39513
18879, 39614
18927, 39714
18871, 39815
18847, 39915
18879, 40015
18959, 40117
18895, 40217
18895, 40317
18959, 40418
18879, 40518
18895, 40620
18927, 40720
18895, 40820
18823, 40921
18895, 41021
18879, 41122
18895, 41223
18863, 41323
18767, 41423
18879, 41524
18879, 41625
18895, 41725
18895, 41826
18767, 41926
18895, 42027
18879, 42128
18879, 42228
18879, 42329
18895, 42429
18959, 42529
18895, 42631
18895, 42731
18871, 42831
18823, 42932
18895, 43032
18895, 43133
18879, 43234
18847, 43334
18895, 43435
18959, 43535
18823, 43636
18879, 43737
18959, 43837
18927, 43937
18879, 44038
18895, 44139
18895, 44239
18959, 44340
18895, 44440
18895, 44540
18959, 44642
18879, 44742
18927, 44843
18847, 44943
18879, 45043
18927, 45145
18823, 45245
18895, 45345
19023, 45446
18895, 45546
18895, 45647
18879, 45748
18879, 45848
18879, 45948
18879, 46049
18895, 46150
18767, 46251
18927, 46351
18895, 46451
18879, 46552
18895, 46653
18959, 46753
18895, 46854
19023, 46954
18879, 47054
18895, 47156
18959, 47256
18879, 47356
18959, 47457
18895, 47557
18895, 47659
18847, 47759
18959, 47859
18959, 47960
18847, 48060
18879, 48161
18959, 48262
18959, 48362
18863, 48462
18847, 48563
18959, 48664
18895, 48764
18959, 48865
18847, 48965
18895, 49065
18879, 49167
18879, 49267
18879, 49368
18879, 49468
18879, 49568
18847, 49670
18863, 49770
18959, 49870
18871, 49971
18959, 50071
18879, 50172
18927, 50273
18895, 50373
18895, 50473
18879, 50574
18895, 50675
18879, 50776
18895, 50876
18895, 50976
18879, 51077
18895, 51178
18895, 51278
18767, 51379
18863, 51479
18895, 51579
18927, 51681
18847, 51781
18895, 51881
18959, 51982
18927, 52082
18959, 52184
18879, 52284
18847, 52384
18927, 52485
18895, 52585
18895, 52686
18959, 52787
18895, 52887
18895, 52987
18815, 53088
18895, 53189
18895, 53289
18895, 53390
18895, 53490
18879, 53591
18895, 53692
18767, 53792
18895, 53893
18895, 53993
18895, 54093
18959, 54195
18895, 54295
18863, 54395
18895, 54496
18879, 54596
18895, 54697
18959, 54798
18847, 54898
18871, 54999
18879, 55099
18927, 55200
18879, 55301
18959, 55401
18959, 55501
18895, 55602
18895, 55703
18895, 55803
19023, 55904
18879, 56004
18895, 56104
18879, 56206
18959, 56306
18895, 56407
18879, 56507
18927, 56607
18879, 56709
18895, 56809
18847, 56909
18895, 57010
18895, 57110
18895, 57211
18847, 57312
18895, 57412
18895, 57512
18927, 57613
18895, 57714
18895, 57815
18895, 57915
18959, 58015
18871, 58116
18879, 58217
18895, 58317
18959, 58418
18879, 58518
18879, 58618
18879, 58720
18871, 58820
18895, 58920
18879, 59021
18959, 59121
18959, 59223
18879, 59323
18959, 59423
18767, 59524
18863, 59624
19023, 59725
18895, 59826
18767, 59926
18767, 60026
18895, 60128
18879, 60228
18823, 60328
18959, 60429
18895, 60529
18847, 60631
18895, 60731
18879, 60831
18895, 60932
18871, 61032
18879, 61133
18879, 61234
18847, 61334
18767, 61434
18767, 61535
18847, 61636
18815, 61736
18767, 61837
18895, 61937
18895, 62038
18879, 62139
18895, 62239
18895, 62340
18927, 62440
18895, 62540
18879, 62642
18959, 62742
18879, 62842
18823, 62943
18895, 63043
18927, 63144
18895, 63245
18879, 63345
18927, 63446
18895, 63546
18879, 63647
18895, 63748
18879, 63848
18895, 63948
18879, 64049
18847, 64150
18767, 64250
18823, 64351
18895, 64451
18847, 64551
18847, 64653
18895, 64753
18847, 64854
18895, 64954
18847, 65054
18863, 65156
18895, 65256
18895, 65356
18863, 65457
18767, 21
18879, 121
18871, 223
18863, 323
18847, 423
18895, 524
18847, 624
18879, 724
18823, 825
18895, 925
18847, 1026
18895, 1126
18847, 1227
18895, 1328
18879, 1428
18847, 1528
18895, 1629
18847, 1729
18879, 1830
18895, 1931
18895, 2031
18895, 2131
18895, 2232
18895, 2332
18895, 2434
18879, 2534
18895, 2634
18895, 2735
18879, 2835
18895, 2935
18927, 3036
18879, 3137
18959, 3237
18927, 3338
18959, 3438
18895, 3538
18895, 3639
18959, 3740
18959, 3841
18895, 3941
18895, 4041
18895, 4142
18959, 4242
18895, 4343
18927, 4444
18895, 4544
18895, 4644
18895, 4745
18895, 4845
18879, 4945
18959, 5047
18927, 5147
18959, 5248
18895, 5348
18879, 5448
18959, 5549
18895, 5650
18895, 5750
18895, 5851
18879, 5951
18879, 6051
18871, 6152
18927, 6252
18823, 6353
18895, 6454
18895, 6554
18847, 6654
18959, 6755
18895, 6855
18847, 6957
18863, 7057
18823, 7157
18927, 7258
18879, 7358
18895, 7458
18895, 7560
18895, 7660
18895, 7760
18895, 7861
18895, 7961
18895, 8061
18895, 8162
18959, 8263
18895, 8364
18895, 8464
18871, 8564
18879, 8665
18959, 8765
18847, 8866
18895, 8967
18879, 9067
18959, 9167
18959, 9268
18895, 9368
18879, 9469
18879, 9570
18959, 9670
18927, 9771
18879, 9871
18879, 9971
18895, 10072
18767, 10173
18895, 10273
18959, 10374
18895, 10474
18879, 10574
18879, 10676
18879, 10776
18879, 10876
18895, 10977
18895, 11077
18847, 11179
18879, 11279
18895, 11379
18879, 11480
18879, 11580
18895, 11681
18847, 11782
18895, 11882
18879, 11982
18895, 12083
18895, 12184
18895, 12284
18959, 12385
18895, 12485
18959, 12585
18767, 12687
18767, 12787
18895, 12888
18927, 12988
18959, 13088
18847, 13190
18895, 13290
18767, 13390
18895, 13491
18895, 13591
18959, 13692
18895, 13793
18847, 13893
18879, 13993
18879, 14094
18895, 14195
18879, 14296
18847, 14396
18847, 14496
18847, 14597
18879, 14698
18927, 14798
18895, 14899
18895, 14999
18767, 15099
18959, 15201
18895, 15301
18847, 15401
18895, 15502
18823, 15602
18895, 15704
18847, 15804
18895, 15904
18927, 16005
18879, 16105
18767, 16206
18895, 16307
18895, 16407
18871, 16507
18767, 16608
18879, 16709
18879, 16809
18895, 16910
18847, 17010
18895, 17112
18879, 17212
18879, 17312
18871, 17413
18959, 17513
18879, 17614
18895, 17715
18847, 17815
18823, 17915
18879, 18016
18815, 18117
18895, 18217
18871, 18318
18895, 18418
18879, 18519
18879, 18620
18767, 18720
18767, 18821
18879, 18921
18847, 19021
18847, 19123
18879, 19223
18895, 19323
18927, 19424
18847, 19524
18895, 19625
18767, 19726
18847, 19826
18879, 19927
18959, 20027
18767, 20128
18823, 20229
18879, 20329
18847, 20429
18895, 20530
18895, 20631
18847, 20731
18895, 20832
18895, 20932
18703, 21032
18823, 21134
18959, 21234
18863, 21335
18879, 21435
18879, 21535
18895, 21637
18959, 21737
18879, 21837
18959, 21938
18863, 22038
18895, 22139
18767, 22240
18895, 22340
18767, 22440
18831, 22541
18847, 22642
18847, 22743
18895, 22843
18871, 22943
18959, 23044
18879, 23145
18895, 23245
18879, 23346
18767, 23446
18823, 23546
18895, 23648
18879, 23748
18895, 23848
18879, 23949
18767, 24049
18895, 24151
18895, 24251
18959, 24351
18895, 24452
18847, 24552
18847, 24653
18823, 24754
18879, 24854
18959, 24954
18823, 25055
18895, 25156
18767, 25256
18895, 25357
18879, 25457
18847, 25558
18823, 25659
18767, 25759
18863, 25860
18895, 25960
18863, 26060
18879, 26162
18767, 26262
18879, 26362
18847, 26463
18959, 26563
18863, 26664
18847, 26765
18823, 26865
18879, 26966
18879, 27066
18895, 27167
18879, 27268
18895, 27368
18895, 27468
18767, 27569
18959, 27670
18879, 27770
18847, 27871
18879, 27971
18863, 28071
18895, 28173
18959, 28273
18767, 28374
18863, 28474
18879, 28574
18895, 28676
18847, 28776
18847, 28876
18767, 28977
18895, 29077
18847, 29178
18879, 29279
18767, 29379
18767, 29479
18895, 29580
18767, 29681
18847, 29782
18895, 29882
18895, 29982
18879, 30083
18847, 30184
18895, 30284
18847, 30385
18767, 30485
18847, 30585
18815, 30687
18767, 30787
18847, 30887
18847, 30988
18815, 31088
18751, 31190
18879, 31290
18815, 31390
18895, 31491
18863, 31591
18879, 31692
18879, 31793
18847, 31893
18847, 31993
18847, 32094
18879, 32195
18847, 32295
18767, 32396
18879, 32496
18767, 32596
18847, 32698
18815, 32798
18879, 32899
18959, 32999
18767, 33099
18871, 33201
18879, 33301
18815, 33401
18895, 33502
18959, 33602
18895, 33703
18847, 33804
18815, 33904
18895, 34004
18879, 34105
18895, 34206
18895, 34307
18863, 34407
18863, 34507
18767, 34608
18879, 34709
18847, 34809
18895, 34910
18847, 35010
18895, 35110
18847, 35212
18895, 35312
18767, 35412
18847, 35513
18927, 35613
18767, 35715
18863, 35815
18767, 35915
18895, 36016
18895, 36116
18767, 36217
18895, 36318
18767, 36418
18895, 36518
18879, 36619
18863, 36720
18815, 36820
18847, 36921
18847, 37021
18871, 37122
18767, 37223
18879, 37323
18767, 37424
18847, 37524
18847, 37624
18879, 37726
18895, 37826
18895, 37926
18879, 38027
18767, 38127
18895, 38228
18895, 38329
18879, 38429
18895, 38530
18823, 38630
18895, 38731
18895, 38832
18767, 38932
18879, 39032
18767, 39133
18879, 39234
18847, 39334
18879, 39435
18863, 39535
18879, 39635
18767, 39737
18815, 39837
18751, 39938
18847, 40038
18879, 40138
18879, 40240
18863, 40340
18863, 40440
18767, 40541
18847, 40641
18895, 40742
18863, 40843
18879, 40943
18895, 41043
18767, 41144
18895, 41245
18767, 41346
18895, 41446
18879, 41546
18767, 41647
18847, 41748
18879, 41848
18847, 41949
18863, 42049
18847, 42149
18847, 42251
18895, 42351
18767, 42451
18871, 42552
18767, 42652
18863, 42754
18767, 42854
18959, 42954
18879, 43055
18895, 43155
18879, 43256
18767, 43357
18879, 43457
18895, 43557
18767, 43658
18879, 43759
18895, 43859
18767, 43960
18895, 44060
18847, 44161
18767, 44262
18895, 44362
18879, 44463
18847, 44563
18847, 44663
18767, 44765
18895, 44865
18863, 44965
18767, 45066
18879, 45166
18847, 45267
18767, 45368
18847, 45468
18895, 45569
18895, 45669
18767, 45770
18847, 45871
18879, 45971
18895, 46071
18895, 46172
18879, 46273
18895, 46373
18847, 46474
18879, 46574
18823, 46674
18895, 46776
18847, 46876
18847, 46977
18879, 47077
18847, 47177
18847, 47279
18871, 47379
18847, 47479
18895, 47580
18879, 47680
18767, 47781
18767, 47882
18815, 47982
18959, 48082
18895, 48183
18767, 48284
18895, 48385
18863, 48485
18863, 48585
18879, 48686
18847, 48787
18847, 48887
18767, 48988
18879, 49088
18847, 49188
18815, 49290
18767, 49390
18879, 49490
18895, 49591
18823, 49691
18823, 49793
18767, 49893
18895, 49993
18847, 50094
18879, 50194
18767, 50295
18895, 50396
18895, 50496
18871, 50596
18959, 50697
18823, 50798
18847, 50898
18879, 50999
18895, 51099
18815, 51200
18767, 51301
18879, 51401
18847, 51502
18863, 51602
18815, 51702
18895, 51804
18895, 51904
18767, 52004
18879, 52105
18823, 52205
18847, 52306
18895, 52407
18847, 52507
18847, 52608
18767, 52708
18823, 52809
18751, 52910
18895, 53010
18847, 53110
18847, 53211
18871, 53312
18767, 53412
18823, 53513
18879, 53613
18895, 53713
18847, 53815
18879, 53915
18847, 54016
18895, 54116
18751, 54216
18767, 54318
18847, 54418
18879, 54518
18767, 54619
18767, 54719
18847, 54820
18871, 54921
18767, 55021
18767, 55121
18847, 55222
18767, 55323
18895, 55424
18767, 55524
18767, 55624
18767, 55725
18895, 55826
18767, 55926
18767, 56027
18863, 56127
18895, 56227
18871, 56329
18847, 56429
18767, 56529
18895, 56630
18847, 56730
18879, 56832
18767, 56932
18767, 57032
18879, 57133
18767, 57233
18847, 57334
18847, 57435
18895, 57535
18751, 57635
18895, 57736
18895, 57837
18767, 57937
18767, 58038
18847, 58138
18767, 58238
18847, 58340
18767, 58440
18823, 58541
18767, 58641
18847, 58741
18847, 58843
18767, 58943
18767, 59043
18847, 59144
18879, 59244
18879, 59345
18767, 59446
18767, 59546
18847, 59646
18895, 59747
18847, 59848
18767, 59949
18767, 60049
18847, 60149
18767, 60250
18847, 60351
18879, 60451
18847, 60552
18767, 60652
18831, 60752
18767, 60854
18767, 60954
18879, 61054
18767, 61155
18895, 61255
18847, 61357
18823, 61457
18767, 61557
18847, 61658
18847, 61758
18847, 61859
18767, 61960
18879, 62060
18879, 62160
18751, 62261
18767, 62362
18847, 62462
18847, 62563
18847, 62663
18879, 62764
18767, 62865
18767, 62965
18879, 63066
18879, 63166
18823, 63266
18767, 63368
18767, 63468
18863, 63568
18863, 63669
18823, 63769
18879, 63870
18823, 63971
18895, 64071
18847, 64172
18767, 64272
18751, 64373
18767, 64474
18863, 64574
18863, 64674
18895, 64775
18767, 64876
18751, 64976
18767, 65077
18879, 65177
18879, 65277
18863, 65379
18767, 65479
18847, 44
18767, 144
18751, 244
18823, 345
18879, 445
18863, 545
18767, 647
18767, 747
18767, 847
18767, 948
18751, 1048
18767, 1148
18959, 1249
18847, 1349
18767, 1451
18879, 1551
18847, 1651
18879, 1752
18871, 1852
18895, 1952
18703, 2054
18767, 2154
18767, 2254
18879, 2355
18767, 2455
18831, 2555
18751, 2656
18767, 2757
18767, 2857
18767, 2958
18823, 3058
18767, 3159
18767, 3259
18767, 3360
18895, 3461
18767, 3561
18767, 3661
18847, 3762
18847, 3862
18823, 3962
18847, 4064
18767, 4164
18767, 4264
18823, 4365
18879, 4465
18767, 4566
18767, 4667
18751, 4767
18879, 4868
18823, 4968
18879, 5068
18847, 5169
18879, 5270
18879, 5370
18895, 5471
18847, 5571
18751, 5671
18751, 5772
18767, 5872
18767, 5974
18895, 6074
18767, 6174
18767, 6275
18847, 6375
18871, 6475
18767, 6577
18847, 6677
18847, 6777
18879, 6878
18879, 6978
18767, 7078
18863, 7180
18847, 7280
18895, 7380
18871, 7481
18895, 7581
18847, 7682
18863, 7782
18879, 7883
18751, 7984
18767, 8084
18879, 8184
18767, 8285
18767, 8385
18767, 8486
18823, 8587
18823, 8687
18895, 8787
18847, 8888
18895, 8988
18847, 9090
18767, 9190
18767, 9290
18767, 9391
18751, 9491
18927, 9591
18767, 9692
18823, 9793
18767, 9893
18959, 9994
18767, 10094
18879, 10194
18847, 10295
18895, 10396
18879, 10497
18767, 10597
18879, 10697
18767, 10798
18847, 10899
18767, 10999
18879, 11100
18879, 11200
18751, 11300
18879, 11402
18767, 11502
18823, 11602
18879, 11703
18847, 11803
18751, 11905
18751, 12005
18671, 12105
18751, 12206
18879, 12307
18767, 12407
18703, 12508
18847, 12608
18767, 12708
18767, 12810
18879, 12910
18823, 13010
18703, 13111
18767, 13211
18767, 13313
18863, 13413
18767, 13513
18847, 13614
18767, 13714
18767, 13815
18767, 13916
18895, 14016
18767, 14116
18879, 14217
18767, 14318
18767, 14418
18767, 14519
18767, 14619
18847, 14720
18767, 14821
18767, 14921
18879, 15022
18767, 15122
18751, 15222
18767, 15324
18863, 15424
18767, 15524
18863, 15625
18823, 15725
18767, 15826
18847, 15927
18735, 16027
18767, 16128
18879, 16228
18703, 16329
18767, 16430
18751, 16530
18879, 16630
18767, 16731
18751, 16832
18767, 16932
18751, 17033
18767, 17133
18767, 17233
18767, 17335
18767, 17435
18767, 17536
18767, 17636
18767, 17736
18751, 17838
18847, 17938
18767, 18038
18767, 18139
18847, 18239
18767, 18340
18767, 18441
18895, 18541
18847, 18641
18767, 18742
18767, 18843
18767, 18944
18879, 19044
18879, 19144
18751, 19245
18767, 19346
18751, 19446
18847, 19547
18767, 19647
18751, 19747
18895, 19849
18751, 19949
18823, 20049
18815, 20150
18767, 20250
18767, 20352
18767, 20452
18879, 20552
18767, 20653
18879, 20753
18767, 20854
18751, 20955
18767, 21055
18751, 21155
18847, 21256
18767, 21357
18767, 21457
18823, 21558
18751, 21658
18767, 21758
18751, 21860
18767, 21960
18879, 22061
18767, 22161
18767, 22261
18767, 22363
18767, 22463
18767, 22563
18767, 22664
18847, 22764
18815, 22865
18767, 22966
18767, 23066
18767, 23166
18767, 23267
18767, 23368
18767, 23469
18847, 23569
18751, 23669
18767, 23770
18767, 23871
18863, 23971
18847, 24072
18751, 24172
18823, 24272
18751, 24374
18823, 24474
18767, 24574
18879, 24675
18767, 24775
18823, 24877
18871, 24977
18751, 25077
18751, 25178
18751, 25278
18847, 25379
18847, 25480
18751, 25580
18767, 25680
18767, 25781
18767, 25882
18847, 25982
18847, 26083
18879, 26183
18767, 26284
18847, 26385
18815, 26485
18875, 26586
18767, 26686
18751, 26786
18895, 26888
18863, 26988
18847, 27088
18895, 27189
18879, 27289
18703, 27390
18751, 27491
18767, 27591
18767, 27692
18767, 27792
18767, 27893
18767, 27994
18767, 28094
18767, 28194
18879, 28295
18879, 28396
18767, 28496
18751, 28597
18767, 28697
18703, 28797
18735, 28899
18847, 28999
18767, 29100
18879, 29200
18767, 29300
18767, 29402
18767, 29502
18735, 29602
18767, 29703
18879, 29803
18751, 29904
18751, 30005
18767, 30105
18703, 30205
18767, 30306
18767, 30407
18767, 30508
18847, 30608
18767, 30708
18895, 30809
18895, 30910
18767, 31010
18767, 31111
18767, 31211
18767, 31311
18823, 31413
18767, 31513
18879, 31613
18767, 31714
18767, 31814
18767, 31916
18767, 32016
18871, 32116
18815, 32217
18767, 32317
18767, 32418
18863, 32519
18767, 32619
18767, 32719
18767, 32820
18847, 32921
18767, 33021
18751, 33122
18847, 33222
18823, 33323
18871, 33424
18767, 33524
18815, 33625
18879, 33725
18767, 33825
18823, 33927
18767, 34027
18847, 34127
18815, 34228
18767, 34328
18751, 34429
18847, 34530
18863, 34630
18767, 34731
18847, 34831
18751, 34932
18703, 35033
18831, 35133
18847, 35233
18767, 35334
18823, 35435
18751, 35535
18767, 35636
18767, 35736
18767, 35836
18767, 35938
18847, 36038
18767, 36139
18879, 36239
18767, 36339
18703, 36441
18751, 36541
18767, 36641
18815, 36742
18703, 36842
18767, 36943
18767, 37044
18823, 37144
18767, 37244
18767, 37345
18751, 37446
18751, 37547
18767, 37647
18879, 37747
18703, 37848
18767, 37949
18751, 38049
18751, 38150
18863, 38250
18751, 38350
18767, 38452
18703, 38552
18767, 38652
18751, 38753
18751, 38853
18639, 38955
18847, 39055
18879, 39155
18767, 39256
18767, 39356
18751, 39457
18735, 39558
18767, 39658
18735, 39758
18751, 39859
18751, 39960
18767, 40060
18767, 40161
18847, 40261
18751, 40361
18767, 40463
18767, 40563
18751, 40664
18767, 40764
18767, 40864
18703, 40966
18751, 41066
18879, 41166
18767, 41267
18639, 41367
18767, 41468
18863, 41569
18767, 41669
18767, 41769
18751, 41870
18751, 41971
18735, 42072
18767, 42172
18751, 42272
18751, 42373
18639, 42474
18847, 42574
18815, 42675
18767, 42775
18767, 42875
18767, 42977
18767, 43077
18767, 43177
18767, 43278
18847, 43378
18751, 43480
18879, 43580
18751, 43680
18767, 43781
18767, 43881
18767, 43982
18767, 44083
18703, 44183
18767, 44283
18767, 44384
18767, 44485
18751, 44585
18895, 44686
18703, 44786
18767, 44887
18847, 44988
18703, 45088
18767, 45189
18767, 45289
18735, 45389
18767, 45491
18751, 45591
18847, 45691
18847, 45792
18879, 45892
18767, 45993
18751, 46094
18735, 46194
18735, 46295
18767, 46395
18703, 46496
18767, 46597
18767, 46697
18735, 46797
18847, 46898
18735, 46999
18751, 47099
18767, 47200
18847, 47300
18767, 47400
18847, 47502
18767, 47602
18879, 47703
18847, 47803
18767, 47903
18703, 48005
18767, 48105
18751, 48205
18751, 48306
18751, 48406
18751, 48507
18703, 48608
18703, 48708
18767, 48808
18879, 48909
18823, 49010
18767, 49111
18823, 49211
18767, 49311
18767, 49412
18823, 49513
18703, 49613
18703, 49714
18735, 49814
18815, 49914
18767, 50016
18703, 50116
18639, 50216
18767, 50317
18767, 50417
18639, 50519
18815, 50619
18767, 50719
18823, 50820
18751, 50920
18767, 51021
18767, 51122
18847, 51222
18703, 51322
18847, 51423
18735, 51524
18823, 51624
18767, 51725
18767, 51825
18767, 51926
18847, 52027
18823, 52127
18767, 52228
18767, 52328
18767, 52428
18767, 52530
18767, 52630
18751, 52730
18703, 52831
18767, 52931
18767, 53032
18767, 53133
18703, 53233
18703, 53334
18751, 53434
18751, 53535
18751, 53636
18751, 53736
18751, 53836
18767, 53937
18767, 54038
18751, 54138
18703, 54239
18871, 54339
18751, 54439
18767, 54541
18751, 54641
18735, 54742
18895, 54842
18751, 54942
18879, 55044
18703, 55144
18767, 55244
18767, 55345
18767, 55445
18767, 55546
18751, 55647
18767, 55747
18767, 55847
18703, 55948
18767, 56049
18767, 56150
18767, 56250
18847, 56350
18879, 56451
18767, 56552
18847, 56652
18735, 56753
18767, 56853
18767, 56953
18815, 57055
18703, 57155
18767, 57255
18767, 57356
18767, 57456
18751, 57558
18767, 57658
18767, 57758
18879, 57859
18767, 57959
18751, 58060
18751, 58161
18767, 58261
18767, 58361
18767, 58462
18823, 58563
18735, 58663
18703, 58764
18879, 58864
18751, 58964
18767, 59066
18767, 59166
18767, 59267
18751, 59367
18703, 59467
18767, 59569
18823, 59669
18767, 59769
18767, 59870
18735, 59970
18735, 60071
18767, 60172
18767, 60272
18767, 60372
18847, 60473
18767, 60574
18703, 60675
18767, 60775
18879, 60875
18767, 60976
18751, 61077
18767, 61177
18671, 61278
18767, 61378
18767, 61478
18751, 61580
18751, 61680
18703, 61780
18751, 61881
18703, 61981
18879, 62083
18767, 62183
18767, 62283
18895, 62384
18703, 62484
18751, 62585
18895, 62686
18703, 62786
18767, 62886
18751, 62987
18767, 63088
18767, 63188
18767, 63289
18767, 63389
18767, 63490
18767, 63591
18823, 63691
18735, 63792
18767, 63892
18815, 63992
18751, 64094
18767, 64194
18823, 64294
18703, 64395
18767, 64495
18703, 64596
18751, 64697
18751, 64797
18767, 64898
18767, 64998
18767, 65099
18767, 65200
18871, 65300
18703, 65400
18671, 65501
18639, 66
18751, 166
18767, 267
18847, 367
18879, 467
18767, 568
18703, 668
18735, 769
18751, 869
18767, 970
18767, 1071
18767, 1171
18767, 1271
18767, 1372
18751, 1472
18767, 1572
18639, 1674
18639, 1774
18847, 1874
18703, 1975
18751, 2075
18767, 2176
18767, 2277
18751, 2377
18671, 2478
18751, 2578
18751, 2678
18639, 2779
18823, 2880
18871, 2980
18703, 3081
18639, 3181
18767, 3281
18815, 3382
18735, 3482
18751, 3584
18751, 3684
18767, 3784
18751, 3885
18767, 3985
18767, 4085
18767, 4187
18767, 4287
18751, 4387
18767, 4488
18751, 4588
18751, 4688
18767, 4789
18767, 4890
18639, 4990
18767, 5091
18767, 5191
18767, 5292
18767, 5392
18703, 5493
18767, 5594
18767, 5694
18767, 5794
18767, 5895
18735, 5995
18751, 6096
18751, 6197
18847, 6297
18823, 6397
18767, 6498
18767, 6598
18767, 6699
18751, 6800
18767, 6900
18767, 7001
18863, 7101
18767, 7201
18735, 7302
18751, 7403
18703, 7503
18863, 7604
18767, 7704
18703, 7804
18767, 7905
18751, 8005
18767, 8107
18671, 8207
18703, 8307
18735, 8408
18767, 8508
18703, 8608
18767, 8710
18751, 8810
18671, 8910
18767, 9011
18735, 9111
18735, 9211
18703, 9313
18751, 9413
18767, 9513
18767, 9614
18735, 9714
18847, 9815
18735, 9915
18735, 10016
18847, 10117
18703, 10217
18671, 10317
18751, 10418
18703, 10519
18703, 10619
18751, 10720
18639, 10820
18767, 10920
18703, 11022
18767, 11122
18823, 11223
18703, 11323
18735, 11423
18671, 11525
18815, 11625
18751, 11725
18767, 11826
18735, 11926
18751, 12027
18767, 12128
18703, 12228
18767, 12328
18767, 12429
18767, 12530
18671, 12631
18751, 12731
18623, 12831
18767, 12932
18735, 13033
18767, 13133
18767, 13234
18639, 13334
18767, 13434
18767, 13536
18703, 13636
18735, 13736
18767, 13837
18751, 13937
18767, 14039
18751, 14139
18767, 14239
18863, 14340
18639, 14440
18639, 14541
18639, 14642
18639, 14742
18879, 14842
18823, 14943
18767, 15044
18639, 15144
18639, 15245
18751, 15345
18751, 15446
18767, 15547
18751, 15647
18847, 15748
18767, 15848
18847, 15948
18863, 16050
18751, 16150
18751, 16250
18751, 16351
18815, 16451
18735, 16552
18751, 16653
18751, 16753
18767, 16854
18767, 16954
18767, 17055
18735, 17156
18735, 17256
18703, 17356
18767, 17457
18823, 17558
18735, 17658
18767, 17759
18639, 17859
18751, 17959
18767, 18061
18703, 18161
18767, 18262
18767, 18362
18767, 18462
18751, 18564
18767, 18664
18767, 18764
18671, 18865
18847, 18965
18703, 19066
18703, 19167
18703, 19267
18823, 19367
18671, 19468
18703, 19569
18767, 19670
18751, 19770
18767, 19870
18767, 19972
18767, 20072
18703, 20172
18767, 20273
18871, 20373
18767, 20474
18767, 20575
18767, 20675
18767, 20775
18767, 20876
18823, 20977
18847, 21078
18703, 21178
18703, 21278
18847, 21379
18735, 21480
18847, 21580
18703, 21681
18751, 21781
18671, 21881
18703, 21983
18751, 22083
18767, 22183
18703, 22284
18751, 22384
18767, 22486
18751, 22586
18639, 22686
18767, 22787
18767, 22887
18767, 22988
18767, 23089
18703, 23189
18847, 23289
18767, 23390
18735, 23491
18767, 23591
18767, 23692
18751, 23792
18767, 23892
18671, 23994
18767, 24094
18703, 24195
18735, 24295
18767, 24395
18703, 24497
18751, 24597
18767, 24697
18751, 24798
18751, 24898
18703, 24999
18879, 25100
18751, 25200
18847, 25300
18671, 25401
18767, 25502
18735, 25603
18767, 25703
18751, 25803
18751, 25904
18703, 26005
18767, 26105
18751, 26206
18767, 26306
18767, 26406
18671, 26508
18735, 26608
18703, 26708
18767, 26809
18751, 26909
18767, 27011
18735, 27111
18639, 27211
18767, 27312
18767, 27412
18767, 27513
18735, 27614
18671, 27714
18767, 27814
18823, 27915
18751, 28016
18671, 28116
18703, 28217
18751, 28317
18751, 28418
18767, 28519
18703, 28619
18767, 28720
18735, 28820
18703, 28920
18751, 29022
18767, 29122
18735, 29222
18751, 29323
18767, 29423
18767, 29524
18751, 29625
18751, 29725
18639, 29826
18767, 29926
18751, 30027
18767, 30128
18767, 30228
18767, 30328
18767, 30429
18767, 30530
18703, 30630
18703, 30731
18767, 30831
18703, 30931
18703, 31033
18767, 31133
18751, 31234
18703, 31334
18703, 31434
18751, 31536
18751, 31636
18735, 31736
18671, 31837
18671, 31937
18751, 32038
18735, 32139
18751, 32239
18767, 32339
18671, 32440
18703, 32541
18767, 32642
18703, 32742
18735, 32842
18767, 32943
18671, 33044
18639, 33144
18639, 33245
18703, 33345
18751, 33445
18767, 33547
18751, 33647
18671, 33747
18767, 33848
18639, 33948
18767, 34050
18703, 34150
18703, 34250
18767, 34351
18703, 34451
18703, 34552
18735, 34653
18767, 34753
18767, 34853
18735, 34954
18639, 35055
18703, 35155
18751, 35256
18671, 35356
18639, 35457
18751, 35558
18671, 35658
18703, 35759
18735, 35859
18767, 35959
18751, 36061
18751, 36161
18703, 36261
18751, 36362
18767, 36462
18751, 36563
18767, 36664
18639, 36764
18623, 36865
18639, 36965
18639, 37066
18639, 37167
18751, 37267
18703, 37367
18767, 37468
18703, 37569
18735, 37669
18767, 37770
18751, 37870
18735, 37970
18751, 38072
18671, 38172
18639, 38273
18767, 38373
18639, 38473
18671, 38575
18751, 38675
18735, 38775
18767, 38876
18671, 38976
18751, 39077
18767, 39178
18639, 39278
18735, 39378
18639, 39479
18767, 39580
18767, 39681
18767, 39781
18751, 39881
18767, 39982
18703, 40083
18703, 40183
18703, 40284
18703, 40384
18639, 40484
18735, 40586
18767, 40686
18703, 40786
18751, 40887
18767, 40987
18751, 41089
18639, 41189
18767, 41289
18767, 41390
18815, 41490
18639, 41591
18751, 41692
18703, 41792
18767, 41892
18767, 41993
18703, 42094
18639, 42194
18767, 42295
18751, 42395
18751, 42496
18639, 42597
18639, 42697
18767, 42798
18767, 42898
18751, 42998
18751, 43100
18767, 43200
18735, 43300
18751, 43401
18751, 43501
18639, 43602
18847, 43703
18639, 43803
18703, 43904
18751, 44004
18735, 44105
18671, 44206
18767, 44306
18767, 44406
18639, 44507
18639, 44608
18639, 44708
18751, 44809
18703, 44909
18847, 45009
18735, 45111
18767, 45211
18671, 45312
18735, 45412
18639, 45512
18767, 45614
18767, 45714
18751, 45814
18703, 45915
18767, 46015
18639, 46116
18703, 46217
18703, 46317
18767, 46417
18703, 46518
18767, 46619
18703, 46720
18735, 46820
18735, 46920
18751, 47021
18767, 47122
18767, 47222
18751, 47323
18639, 47423
18735, 47523
18703, 47625
18703, 47725
18639, 47825
18735, 47926
18767, 48026
18767, 48128
18639, 48228
18751, 48328
18767, 48429
18703, 48529
18703, 48630
18767, 48731
18703, 48831
18671, 48931
18767, 49032
18703, 49133
18767, 49233
18703, 49334
18703, 49434
18751, 49534
18639, 49636
18767, 49736
18735, 49837
18639, 49937
18751, 50037
18703, 50139
18751, 50239
18735, 50339
18735, 50440
18703, 50540
18735, 50641
18639, 50742
18639, 50842
18639, 50942
18639, 51043
18767, 51144
18639, 51245
18751, 51345
18751, 51445
18671, 51546
18735, 51647
18767, 51747
18751, 51848
18639, 51948
18639, 52048
18703, 52150
18639, 52250
18735, 52350
18639, 52451
18767, 52551
18751, 52653
18703, 52753
18735, 52853
18639, 52954
18671, 53054
18735, 53155
18751, 53256
18671, 53356
18735, 53456
18639, 53557
18639, 53658
18639, 53758
18639, 53859
18639, 53959
18639, 54060
18671, 54161
18735, 54261
18671, 54362
18767, 54462
18703, 54562
18735, 54664
18639, 54764
18703, 54864
18639, 54965
18735, 55065
18623, 55166
18639, 55267
18671, 55367
18767, 55468
18703, 55568
18639, 55669
18703, 55770
18639, 55870
18703, 55970
18751, 56071
18767, 56172
18751, 56272
18639, 56373
18671, 56473
18639, 56573
18751, 56675
18751, 56775
18751, 56876
18703, 56976
18671, 57076
18703, 57178
18639, 57278
18671, 57378
18639, 57479
18751, 57579
18751, 57680
18731, 57781
18639, 57881
18639, 57981
18767, 58082
18639, 58183
18703, 58284
18767, 58384
18751, 58484
18639, 58585
18703, 58686
18639, 58786
18703, 58887
18767, 58987
18751, 59087
18735, 59189
18751, 59289
18735, 59389
18639, 59490
18767, 59590
18703, 59692
18767, 59792
18639, 59892
18639, 59993
18671, 60093
18639, 60194
18639, 60295
18703, 60395
18735, 60495
18751, 60596
18735, 60697
18639, 60797
18703, 60898
18639, 60998
18639, 61099
18703, 61200
18703, 61300
18751, 61401
18639, 61501
18671, 61601
18639, 61703
18639, 61803
18671, 61903
18751, 62004
18639, 62104
18751, 62205
18703, 62306
18639, 62406
18639, 62507
18639, 62607
18751, 62708
18639, 62809
18639, 62909
18639, 63009
18767, 63110
18639, 63211
18703, 63311
18751, 63412
18623, 63512
18767, 63612
18639, 63714
18703, 63814
18639, 63915
18639, 64015
18703, 64115
18671, 64217
18671, 64317
18751, 64417
18639, 64518
18703, 64618
18703, 64719
18639, 64820
18703, 64920
18767, 65020
18751, 65121
18703, 65222
18735, 65323
18751, 65423
18671, 65523
18703, 88
18703, 188
18751, 289
18623, 390
18671, 490
18671, 590
18751, 691
18639, 791
18735, 891
18767, 992
18639, 1092
18703, 1193
18703, 1294
18639, 1394
18671, 1495
18767, 1595
18751, 1695
18623, 1797
18639, 1897
18639, 1997
18767, 2098
18671, 2198
18767, 2298
18671, 2399
18703, 2500
18751, 2600
18671, 2701
18671, 2801
18703, 2902
18623, 3002
18751, 3103
18703, 3204
18751, 3304
18703, 3404
18639, 3505
18671, 3605
18639, 3705
18735, 3807
18703, 3907
18639, 4007
18639, 4108
18703, 4208
18639, 4308
18671, 4410
18735, 4510
18767, 4611
18703, 4711
18671, 4811
18639, 4912
18671, 5013
18639, 5113
18639, 5214
18703, 5314
18735, 5414
18639, 5515
18751, 5615
18623, 5716
18751, 5817
18767, 5917
18671, 6018
18735, 6118
18671, 6218
18671, 6320
18735, 6420
18703, 6520
18751, 6621
18639, 6721
18639, 6821
18767, 6923
18671, 7023
18639, 7123
18639, 7224
18703, 7324
18615, 7425
18639, 7525
18703, 7626
18639, 7727
18639, 7827
18639, 7927
18767, 8028
18703, 8128
18623, 8229
18639, 8330
18751, 8430
18703, 8530
18639, 8631
18751, 8731
18639, 8832
18639, 8933
18639, 9033
18703, 9134
18703, 9234
18703, 9334
18639, 9435
18767, 9536
18639, 9636
18831, 9737
18751, 9837
18751, 9937
18751, 10038
18767, 10139
18767, 10240
18767, 10340
18751, 10440
18639, 10541
18639, 10642
18639, 10742
18703, 10843
18703, 10943
18671, 11043
18735, 11145
18735, 11245
18735, 11345
18735, 11446
18639, 11546
18639, 11648
18767, 11748
18639, 11848
18767, 11949
18639, 12049
18735, 12150
18703, 12251
18751, 12351
18639, 12451
18751, 12552
18751, 12653
18767, 12753
18671, 12854
18735, 12954
18735, 13054
18751, 13156
18639, 13256
18751, 13357
18703, 13457
18671, 13557
18671, 13659
18639, 13759
18735, 13859
18703, 13960
18731, 14060
18703, 14161
18735, 14262
18639, 14362
18767, 14462
18703, 14563
18751, 14664
18607, 14765
18639, 14865
18703, 14965
18671, 15066
18735, 15167
18767, 15267
18703, 15368
18639, 15468
18703, 15568
18671, 15670
18751, 15770
18703, 15870
18671, 15971
18671, 16071
18767, 16173
18703, 16273
18735, 16373
18751, 16474
18703, 16574
18671, 16675
18751, 16776
18767, 16876
18703, 16976
18639, 17077
18639, 17178
18639, 17278
18751, 17379
18735, 17479
18639, 17580
18639, 17681
18703, 17781
18703, 17882
18639, 17982
18671, 18082
18639, 18184
18623, 18284
18735, 18384
18639, 18485
18671, 18585
18623, 18686
18639, 18787
18767, 18887
18767, 18988
18639, 19088
18767, 19189
18751, 19290
18703, 19390
18735, 19490
18703, 19591
18735, 19692
18751, 19792
18639, 19893
18639, 19993
18735, 20093
18735, 20195
18767, 20295
18767, 20396
18639, 20496
18703, 20596
18671, 20698
18751, 20798
18639, 20898
18735, 20999
18703, 21099
18623, 21200
18639, 21301
18671, 21401
18703, 21501
18767, 21602
18639, 21703
18767, 21804
18767, 21904
18767, 22004
18671, 22105
18735, 22206
18767, 22306
18767, 22407
18751, 22507
18767, 22607
18671, 22709
18703, 22809
18767, 22909
18751, 23010
18639, 23110
18767, 23212
18639, 23312
18639, 23412
18639, 23513
18639, 23613
18703, 23714
18639, 23815
18639, 23915
18623, 24015
18639, 24116
18639, 24217
18639, 24317
18735, 24418
18703, 24518
18639, 24619
18751, 24720
18639, 24820
18767, 24921
18735, 25021
18639, 25121
18767, 25223
18639, 25323
18703, 25423
18639, 25524
18751, 25624
18639, 25725
18751, 25826
18703, 25926
18639, 26027
18639, 26127
18703, 26228
18615, 26329
18639, 26429
18703, 26529
18751, 26630
18623, 26731
18639, 26831
18639, 26932
18607, 27032
18639, 27132
18671, 27234
18623, 27334
18639, 27435
18639, 27535
18639, 27635
18639, 27737
18671, 27837
18639, 27937
18639, 28038
18623, 28138
18639, 28239
18639, 28340
18623, 28440
18639, 28540
18639, 28641
18767, 28742
18751, 28843
18639, 28943
18639, 29043
18639, 29144
18671, 29245
18639, 29345
18639, 29446
18751, 29546
18751, 29646
18639, 29748
18639, 29848
18703, 29948
18751, 30049
18671, 30149
18767, 30251
18703, 30351
18639, 30451
18639, 30552
18639, 30652
18703, 30753
18703, 30854
18639, 30954
18703, 31054
18639, 31155
18591, 31256
18639, 31356
18639, 31457
18751, 31557
18735, 31657
18671, 31759
18639, 31859
18671, 31960
18735, 32060
18639, 32160
18639, 32262
18639, 32362
18703, 32462
18607, 32563
18639, 32663
18615, 32764
18639, 32865
18639, 32965
18767, 33065
18639, 33166
18671, 33267
18703, 33368
18639, 33468
18623, 33568
18639, 33669
18639, 33770
18639, 33870
18751, 33971
18639, 34071
18735, 34171
18639, 34273
18639, 34373
18607, 34473
18623, 34574
18639, 34674
18639, 34776
18671, 34876
18639, 34976
18639, 35077
18639, 35177
18671, 35278
18639, 35379
18703, 35479
18623, 35579
18639, 35680
18751, 35781
18639, 35881
18639, 35982
18671, 36082
18639, 36183
18639, 36284
18751, 36384
18623, 36485
18591, 36585
18639, 36685
18751, 36787
18751, 36887
18639, 36987
18639, 37088
18703, 37188
18639, 37289
18623, 37390
18703, 37490
18623, 37591
18703, 37691
18639, 37792
18639, 37893
18639, 37993
18555, 38093
18639, 38194
18671, 38295
18671, 38395
18607, 38496
18639, 38596
18639, 38696
18639, 38798
18671, 38898
18639, 38999
18703, 39099
18591, 39199
18639, 39301
18671, 39401
18671, 39501
18735, 39602
18767, 39702
18591, 39803
18639, 39904
18767, 40004
18639, 40104
18623, 40205
18703, 40306
18583, 40407
18639, 40507
18591, 40607
18703, 40708
18735, 40809
18767, 40909
18639, 41010
18583, 41110
18703, 41210
18639, 41312
18639, 41412
18639, 41512
18623, 41613
18615, 41713
18735, 41815
18623, 41915
18639, 42015
18703, 42116
18639, 42216
18703, 42317
18639, 42418
18639, 42518
18703, 42618
18639, 42719
18735, 42820
18623, 42920
18591, 43021
18751, 43121
18639, 43222
18623, 43323
18767, 43423
18767, 43524
18639, 43624
18639, 43724
18671, 43826
18639, 43926
18639, 44026
18639, 44127
18703, 44227
18639, 44328
18639, 44429
18623, 44529
18639, 44630
18639, 44730
18639, 44831
18703, 44932
18623, 45032
18671, 45132
18623, 45233
18639, 45334
18671, 45434
18671, 45535
18639, 45635
18639, 45735
18639, 45837
18639, 45937
18639, 46038
18639, 46138
18639, 46238
18639, 46340
18639, 46440
18767, 46540
18639, 46641
18639, 46741
18639, 46842
18639, 46943
18703, 47043
18671, 47143
18639, 47244
18639, 47345
18639, 47446
18703, 47546
18639, 47646
18639, 47747
18639, 47848
18735, 47948
18639, 48049
18639, 48149
18639, 48249
18639, 48351
18639, 48451
18671, 48551
18639, 48652
18639, 48752
18703, 48854
18703, 48954
18615, 49054
18703, 49155
18671, 49255
18703, 49356
18639, 49457
18623, 49557
18591, 49657
18639, 49758
18639, 49859
18639, 49959
18639, 50060
18639, 50160
18671, 50260
18639, 50362
18639, 50462
18671, 50563
18671, 50663
18639, 50763
18607, 50865
18639, 50965
18639, 51065
18639, 51166
18639, 51266
18639, 51367
18639, 51468
18639, 51568
18623, 51668
18671, 51769
18639, 51870
18639, 51971
18639, 52071
18639, 52171
18639, 52272
18751, 52373
18639, 52473
18591, 52574
18703, 52674
18639, 52774
18639, 52876
18639, 52976
18599, 53076
18639, 53177
18579, 53277
18623, 53379
18591, 53479
18591, 53579
18671, 53680
18639, 53780
18591, 53881
18583, 53982
18623, 54082
18639, 54182
18735, 54283
18639, 54384
18671, 54484
18607, 54585
18623, 54685
18639, 54786
18591, 54887
18639, 54987
18639, 55088
18623, 55188
18671, 55288
18639, 55390
18583, 55490
18639, 55590
18591, 55691
18703, 55791
18607, 55892
18639, 55993
18639, 56093
18639, 56194
18671, 56295
18639, 56395
18639, 56496
18607, 56596
18671, 56696
18607, 56798
18639, 56898
18639, 56998
18607, 57099
18607, 57199
18579, 57300
18639, 57401
18639, 57501
18579, 57602
18639, 57702
18623, 57803
18703, 57904
18639, 58004
18735, 58104
18639, 58205
18639, 58306
18623, 58406
18639, 58507
18639, 58607
18639, 58707
18607, 58809
18623, 58909
18639, 59010
18639, 59110
18639, 59210
18639, 59312
18639, 59412
18639, 59512
18639, 59613
18639, 59713
18639, 59814
18623, 59915
18639, 60015
18607, 60115
18671, 60216
18639, 60317
18703, 60418
18639, 60518
18583, 60618
18607, 60719
18639, 60820
18639, 60920
18639, 61021
18639, 61121
18751, 61221
18639, 61323
18607, 61423
18639, 61523
18639, 61624
18591, 61724
18623, 61826
18639, 61926
18639, 62026
18639, 62127
18639, 62227
18639, 62328
18639, 62429
18639, 62529
18639, 62629
18607, 62730
18615, 62831
18623, 62931
18639, 63032
18623, 63132
18583, 63233
18639, 63334
18559, 63434
18639, 63535
18623, 63635
18639, 63735
18639, 63837
18583, 63937
18639, 64037
18639, 64138
18579, 64238
18623, 64339
18639, 64440
18623, 64540
18591, 64641
18703, 64741
18623, 64842
18639, 64943
18639, 65043
18703, 65143
18615, 65244
18751, 65345
18591, 65445
18623, 10
18623, 110
18623, 210
18639, 311
18623, 411
18583, 512
18639, 613
18639, 713
18623, 814
18639, 914
18639, 1014
18639, 1115
18703, 1215
18639, 1315
18623, 1417
18639, 1517
18511, 1617
18543, 1718
18639, 1818
18639, 1918
18639, 2020
18671, 2120
18579, 2221
18615, 2321
18623, 2421
18639, 2522
18615, 2622
18607, 2723
18639, 2824
18607, 2924
18639, 3024
18591, 3125
18623, 3225
18639, 3326
18639, 3427
18639, 3527
18639, 3628
18639, 3728
18607, 3828
18639, 3929
18639, 4030
18639, 4130
18639, 4231
18591, 4331
18639, 4431
18639, 4532
18623, 4633
18639, 4733
18671, 4834
18703, 4934
18583, 5035
18607, 5135
18607, 5236
18543, 5337
18639, 5437
18623, 5537
18583, 5638
18639, 5738
18639, 5838
18623, 5940
18639, 6040
18591, 6140
18639, 6241
18671, 6341
18639, 6441
18639, 6543
18639, 6643
18623, 6744
18639, 6844
18623, 6944
18639, 7045
18703, 7145
18671, 7246
18639, 7347
18671, 7447
18639, 7547
18671, 7648
18543, 7748
18639, 7849
18639, 7950
18623, 8050
18639, 8151
18591, 8251
18623, 8351
18639, 8453
18639, 8553
18639, 8653
18591, 8754
18639, 8854
18671, 8954
18623, 9055
18591, 9156
18639, 9256
18583, 9357
18639, 9457
18639, 9558
18703, 9658
18751, 9759
18639, 9860
18703, 9960
18599, 10060
18607, 10161
18623, 10261
18591, 10362
18623, 10463
18607, 10563
18751, 10663
18703, 10764
18639, 10865
18639, 10966
18639, 11066
18671, 11166
18639, 11267
18639, 11368
18639, 11468
18639, 11569
18607, 11669
18615, 11769
18607, 11871
18591, 11971
18623, 12071
18639, 12172
18639, 12272
18599, 12374
18591, 12474
18751, 12574
18735, 12675
18639, 12775
18639, 12876
18639, 12977
18639, 13077
18639, 13177
18623, 13278
18639, 13379
18579, 13479
18703, 13580
18623, 13680
18639, 13780
18623, 13882
18639, 13982
18735, 14083
18607, 14183
18639, 14283
18559, 14385
18639, 14485
18639, 14585
18671, 14686
18639, 14786
18623, 14887
18639, 14988
18623, 15088
18639, 15188
18607, 15289
18639, 15390
18671, 15491
18639, 15591
18639, 15691
18579, 15792
18639, 15893
18639, 15993
18639, 16094
18703, 16194
18623, 16294
18607, 16396
18639, 16496
18639, 16596
18703, 16697
18639, 16797
18639, 16899
18671, 16999
18703, 17099
18751, 17200
18703, 17300
18639, 17401
18639, 17502
18639, 17602
18639, 17702
18671, 17803
18639, 17904
18639, 18004
18639, 18105
18623, 18205
18639, 18306
18639, 18407
18615, 18507
18703, 18608
18623, 18708
18671, 18808
18639, 18910
18639, 19010
18703, 19110
18703, 19211
18607, 19311
18639, 19412
18735, 19513
18639, 19613
18639, 19714
18579, 19814
18639, 19915
18583, 20016
18623, 20116
18607, 20216
18703, 20317
18639, 20418
18751, 20518
18639, 20619
18639, 20719
18607, 20819
18639, 20921
18639, 21021
18671, 21122
18623, 21222
18671, 21322
18623, 21424
18671, 21524
18623, 21624
18615, 21725
18623, 21825
18639, 21926
18639, 22027
18639, 22127
18623, 22227
18639, 22329
18591, 22429
18591, 22530
18639, 22630
18703, 22730
18639, 22832
18703, 22932
18639, 23032
18703, 23133
18639, 23233
18671, 23334
18623, 23435
18639, 23535
18639, 23635
18639, 23736
18639, 23837
18639, 23938
18639, 24038
18591, 24138
18671, 24239
18751, 24340
18639, 24440
18639, 24541
18639, 24641
18639, 24741
18599, 24843
18639, 24943
18639, 25043
18639, 25144
18623, 25244
18639, 25346
18639, 25446
18639, 25546
18639, 25647
18671, 25747
18639, 25848
18671, 25949
18703, 26049
18735, 26149
18623, 26250
18639, 26351
18623, 26451
18639, 26552
18623, 26652
18639, 26753
18639, 26854
18639, 26954
18703, 27055
18639, 27155
18639, 27255
18639, 27357
18579, 27457
18639, 27557
18623, 27658
18639, 27758
18639, 27859
18623, 27960
18639, 28060
18559, 28161
18639, 28261
18615, 28362
18639, 28463
18583, 28563
18639, 28663
18639, 28764
18591, 28865
18623, 28965
18607, 29066
18639, 29166
18591, 29266
18671, 29368
18639, 29468
18623, 29569
18607, 29669
18639, 29769
18583, 29871
18623, 29971
18623, 30071
18623, 30172
18623, 30272
18639, 30373
18591, 30474
18639, 30574
18623, 30674
18639, 30775
18639, 30876
18615, 30977
18639, 31077
18623, 31177
18639, 31278
18623, 31379
18735, 31479
18623, 31580
18623, 31680
18623, 31780
18671, 31882
18639, 31982
18639, 32082
18639, 32183
18579, 32283
18639, 32385
18591, 32485
18591, 32585
18671, 32686
18511, 32786
18639, 32887
18623, 32988
18607, 33088
18591, 33188
18639, 33289
18511, 33390
18703, 33490
18639, 33591
18615, 33691
18623, 33792
18639, 33893
18583, 33993
18703, 34094
18623, 34194
18559, 34294
18599, 34396
18623, 34496
18639, 34596
18639, 34697
18551, 34797
18579, 34898
18607, 34999
18607, 35099
18591, 35200
18639, 35300
18639, 35401
18639, 35502
18639, 35602
18607, 35702
18555, 35803
18671, 35904
18559, 36004
18623, 36105
18623, 36205
18639, 36305
18623, 36407
18623, 36507
18639, 36608
18555, 36708
18639, 36808
18559, 36910
18703, 37010
18639, 37110
18591, 37211
18579, 37311
18623, 37412
18639, 37513
18639, 37613
18615, 37713
18639, 37814
18579, 37915
18671, 38016
18623, 38116
18579, 38216
18639, 38317
18579, 38418
18639, 38518
18639, 38619
18639, 38719
18639, 38819
18579, 38921
18623, 39021
18639, 39121
18591, 39222
18591, 39322
18591, 39424
18639, 39524
18623, 39624
18591, 39725
18639, 39825
18639, 39926
18583, 40027
18703, 40127
18639, 40227
18639, 40328
18639, 40429
18639, 40529
18639, 40630
18639, 40730
18583, 40830
18639, 40932
18639, 41032
18639, 41133
18591, 41233
18671, 41333
18623, 41435
18639, 41535
18639, 41635
18639, 41736
18639, 41836
18623, 41937
18591, 42038
18671, 42138
18623, 42238
18579, 42339
18583, 42440
18623, 42541
18671, 42641
18511, 42741
18639, 42842
18623, 42943
18623, 43043
18511, 43144
18623, 43244
18583, 43344
18623, 43446
18671, 43546
18579, 43646
18703, 43747
18607, 43847
18591, 43949
18583, 44049
18639, 44149
18583, 44250
18623, 44350
18583, 44451
18583, 44552
18511, 44652
18607, 44752
18511, 44853
18639, 44954
18639, 45054
18623, 45155
18591, 45255
18579, 45356
18623, 45457
18639, 45557
18639, 45658
18623, 45758
18639, 45858
18607, 45960
18591, 46060
18607, 46160
18615, 46261
18591, 46361
18639, 46462
18583, 46563
18639, 46663
18511, 46764
18639, 46864
18511, 46965
18615, 47066
18639, 47166
18591, 47266
18671, 47367
18623, 47468
18639, 47568
18615, 47669
18639, 47769
18671, 47869
18555, 47971
18623, 48071
18511, 48172
18543, 48272
18703, 48372
18639, 48474
18607, 48574
18579, 48674
18639, 48775
18639, 48875
18623, 48976
18639, 49077
18607, 49177
18623, 49277
18623, 49378
18591, 49479
18639, 49580
18639, 49680
18583, 49780
18639, 49881
18607, 49982
18511, 50082
18591, 50183
18591, 50283
18591, 50383
18591, 50485
18591, 50585
18607, 50685
18607, 50786
18639, 50886
18615, 50988
18671, 51088
18639, 51188
18623, 51289
18639, 51389
18543, 51490
18639, 51591
18607, 51691
18615, 51791
18591, 51892
18591, 51993
18583, 52093
18639, 52194
18607, 52294
18623, 52395
18623, 52496
18591, 52596
18623, 52697
18607, 52797
18623, 52897
18583, 52999
18583, 53099
18559, 53199
18591, 53300
18447, 53400
18639, 53501
18511, 53602
18639, 53702
18623, 53803
18623, 53903
18671, 54004
18591, 54105
18607, 54205
18551, 54305
18591, 54406
18591, 54507
18591, 54607
18623, 54708
18623, 54808
18591, 54908
18591, 55010
18579, 55110
18591, 55211
18591, 55311
18639, 55411
18607, 55513
18579, 55613
18639, 55713
18639, 55814
18583, 55914
18555, 56015
18591, 56116
18623, 56216
18583, 56316
18639, 56417
18607, 56518
18591, 56619
18583, 56719
18583, 56819
18511, 56920
18591, 57021
18639, 57121
18591, 57222
18591, 57322
18551, 57422
18543, 57524
18579, 57624
18591, 57724
18639, 57825
18555, 57925
18639, 58027
18579, 58127
18591, 58227
18639, 58328
18579, 58428
18623, 58529
18511, 58630
18591, 58730
18639, 58830
18559, 58931
18583, 59032
18639, 59132
18639, 59233
18623, 59333
18583, 59433
18579, 59535
18603, 59635
18639, 59736
18623, 59836
18639, 59936
18559, 60038
18639, 60138
18639, 60238
18591, 60339
18591, 60439
18607, 60540
18607, 60641
18703, 60741
18607, 60841
18639, 60942
18511, 61043
18607, 61144
18583, 61244
18559, 61344
18639, 61445
18579, 61546
18591, 61646
18551, 61747
18623, 61847
18639, 61947
18607, 62049
18591, 62149
18511, 62249
18511, 62350
18639, 62450
18623, 62552
18559, 62652
18615, 62752
18511, 62853
18591, 62953
18579, 63054
18703, 63155
18639, 63255
18559, 63355
18543, 63456
18591, 63557
18639, 63657
18447, 63758
18591, 63858
18591, 63959
18623, 64060
18555, 64160
18511, 64261
18615, 64361
18639, 64461
18639, 64563
18591, 64663
18559, 64763
18591, 64864
18639, 64964
18583, 65065
18639, 65166
18591, 65266
18579, 65367
18639, 65467
18639, 32
18551, 133
18591, 233
18615, 333
18615, 434
18639, 534
18583, 634
18511, 735
18615, 835
18639, 935
18607, 1037
18615, 1137
18623, 1238
18543, 1338
18511, 1438
18583, 1539
18591, 1639
18591, 1740
18579, 1841
18607, 1941
18639, 2041
18559, 2142
18591, 2242
18639, 2343
18579, 2444
18639, 2544
18591, 2644
18615, 2745
18639, 2845
18607, 2947
18607, 3047
18579, 3147
18639, 3248
18607, 3348
18591, 3448
18615, 3549
18623, 3650
18583, 3750
18583, 3851
18543, 3951
18639, 4051
18511, 4152
18639, 4253
18639, 4354
18639, 4454
18583, 4554
18579, 4655
18639, 4755
18639, 4855
18591, 4957
18591, 5057
18591, 5157
18639, 5258
18639, 5358
18639, 5458
18579, 5560
18639, 5660
18639, 5761
18591, 5861
18623, 5961
18615, 6062
18639, 6162
18623, 6263
18579, 6364
18591, 6464
18591, 6564
18579, 6665
18447, 6765
18607, 6866
18615, 6967
18623, 7067
18615, 7168
18607, 7268
18639, 7368
18639, 7470
18623, 7570
18607, 7670
18623, 7771
18579, 7871
18623, 7971
18607, 8072
18623, 8173
18583, 8273
18591, 8374
18623, 8474
18555, 8574
18607, 8675
18623, 8776
18639, 8877
18639, 8977
18639, 9077
18579, 9178
18579, 9278
18639, 9379
18579, 9480
18511, 9580
18591, 9680
18559, 9781
18447, 9881
18623, 9981
18639, 10083
18639, 10183
18615, 10284
18591, 10384
18447, 10484
18615, 10586
18615, 10686
18591, 10786
18559, 10887
18511, 10987
18579, 11088
18591, 11189
18583, 11289
18623, 11389
18579, 11490
18543, 11591
18639, 11692
18579, 11792
18623, 11892
18511, 11993
18559, 12094
18591, 12194
18607, 12295
18607, 12395
18615, 12495
18511, 12597
18623, 12697
18583, 12797
18511, 12898
18579, 12998
18623, 13100
18615, 13200
18511, 13300
18543, 13401
18623, 13501
18591, 13602
18591, 13703
18583, 13803
18555, 13903
18623, 14004
18447, 14105
18583, 14205
18615, 14306
18607, 14406
18555, 14507
18639, 14608
18607, 14708
18591, 14809
18591, 14909
18579, 15009
18579, 15111
18583, 15211
18511, 15311
18579, 15412
18447, 15512
18615, 15613
18511, 15714
18615, 15814
18607, 15915
18591, 16015
18623, 16116
18579, 16217
18591, 16317
18591, 16417
18579, 16518
18591, 16619
18639, 16719
18555, 16820
18591, 16920
18551, 17020
18511, 17122
18607, 17222
18591, 17323
18511, 17423
18447, 17523
18511, 17625
18591, 17725
18555, 17825
18579, 17926
18511, 18026
18579, 18127
18555, 18228
18607, 18328
18511, 18428
18579, 18529
18511, 18630
18511, 18731
18623, 18831
18447, 18931
18543, 19032
18447, 19133
18607, 19233
18447, 19334
18579, 19434
18591, 19534
18639, 19636
18543, 19736
18615, 19836
18511, 19937
18511, 20037
18591, 20139
18511, 20239
18607, 20339
18551, 20440
18615, 20540
18551, 20641
18639, 20742
18639, 20842
18623, 20942
18623, 21043
18511, 21144
18607, 21244
18511, 21345
18579, 21445
18543, 21545
18639, 21647
18591, 21747
18551, 21848
18583, 21948
18615, 22048
18639, 22150
18607, 22250
18579, 22350
18623, 22451
18591, 22551
18447, 22652
18639, 22753
18623, 22853
18543, 22953
18591, 23054
18583, 23155
18623, 23256
18591, 23356
18607, 23456
18591, 23557
18639, 23658
18607, 23758
18639, 23859
18623, 23959
18511, 24059
18583, 24161
18543, 24261
18623, 24361
18583, 24462
18587, 24562
18579, 24664
18607, 24764
18607, 24864
18639, 24965
18639, 25065
18591, 25166
18639, 25267
18607, 25367
18543, 25467
18543, 25568
18615, 25669
18579, 25769
18703, 25870
18583, 25970
18447, 26071
18623, 26172
18639, 26272
18607, 26373
18735, 26473
18615, 26573
18623, 26675
18607, 26775
18591, 26875
18623, 26976
18543, 27076
18579, 27177
18543, 27278
18559, 27378
18511, 27479
18639, 27580
18607, 27680
18639, 27781
18447, 27881
18511, 27981
18511, 28083
18591, 28183
18559, 28283
18639, 28384
18591, 28484
18511, 28585
18623, 28686
18511, 28786
18607, 28887
18671, 28987
18623, 29088
18447, 29189
18607, 29289
18639, 29389
18511, 29490
18447, 29591
18607, 29691
18639, 29792
18579, 29892
18639, 29992
18591, 30094
18591, 30194
18639, 30295
18579, 30395
18447, 30495
18623, 30597
18511, 30697
18555, 30797
18591, 30898
18623, 30998
18511, 31099
18623, 31200
18591, 31300
18583, 31400
18591, 31501
18607, 31602
18607, 31703
18591, 31803
18579, 31903
18623, 32004
18543, 32105
18591, 32205
18551, 32306
18543, 32406
18559, 32506
18559, 32608
18639, 32708
18623, 32808
18623, 32909
18555, 33009
18543, 33111
18603, 33211
18639, 33311
18591, 33412
18615, 33512
18639, 33613
18615, 33714
18551, 33814
18639, 33914
18579, 34015
18591, 34116
18623, 34216
18511, 34317
18615, 34417
18579, 34518
18511, 34619
18447, 34719
18511, 34820
18511, 34920
18511, 35020
18511, 35122
18583, 35222
18607, 35322
18555, 35423
18591, 35523
18543, 35624
18623, 35725
18639, 35825
18607, 35926
18511, 36026
18591, 36127
18623, 36228
18555, 36328
18555, 36428
18543, 36529
18447, 36630
18543, 36730
18447, 36831
18615, 36931
18623, 37031
18623, 37133
18583, 37233
18559, 37334
18591, 37434
18447, 37534
18559, 37636
18623, 37736
18583, 37836
18623, 37937
18591, 38037
18511, 38138
18543, 38239
18639, 38339
18543, 38439
18623, 38540
18599, 38641
18591, 38742
18583, 38842
18579, 38942
18511, 39043
18511, 39144
18607, 39244
18639, 39345
18579, 39445
18615, 39545
18607, 39647
18579, 39747
18447, 39847
18511, 39948
18511, 40048
18623, 40150
18555, 40250
18511, 40350
18591, 40451
18447, 40551
18615, 40652
18555, 40753
18511, 40853
18543, 40953
18511, 41054
18559, 41155
18511, 41255
18383, 41356
18559, 41456
18551, 41556
18555, 41658
18591, 41758
18447, 41859
18591, 41959
18591, 42059
18579, 42161
18447, 42261
18511, 42361
18447, 42462
18447, 42562
18511, 42663
18543, 42764
18579, 42864
18623, 42964
18511, 43065
18543, 43166
18511, 43267
18591, 43367
18559, 43467
18447, 43568
18447, 43669
18591, 43769
18543, 43870
18639, 43970
18559, 44070
18603, 44172
18447, 44272
18555, 44372
18583, 44473
18383, 44573
18579, 44675
18511, 44775
18447, 44875
18511, 44976
18447, 45076
18583, 45177
18623, 45278
18511, 45378
18511, 45478
18607, 45579
18583, 45680
18579, 45780
18579, 45881
18579, 45981
18639, 46082
18511, 46183
18623, 46283
18559, 46384
18511, 46484
18559, 46584
18559, 46686
18511, 46786
18511, 46886
18543, 46987
18579, 47087
18511, 47188
18591, 47289
18591, 47389
18511, 47490
18615, 47590
18591, 47691
18511, 47792
18623, 47892
18583, 47992
18447, 48093
18511, 48194
18555, 48294
18511, 48395
18383, 48495
18591, 48595
18447, 48697
18599, 48797
18511, 48898
18511, 48998
18579, 49098
18579, 49200
18447, 49300
18447, 49400
18447, 49501
18511, 49601
18383, 49702
18511, 49803
18591, 49903
18551, 50003
18583, 50104
18555, 50205
18579, 50306
18447, 50406
18511, 50506
18591, 50607
18559, 50708
18543, 50808
18591, 50909
18551, 51009
18559, 51109
18579, 51211
18511, 51311
18511, 51411
18511, 51512
18579, 51612
18511, 51714
18551, 51814
18543, 51914
18579, 52015
18447, 52115
18511, 52216
18543, 52317
18447, 52417
18495, 52517
18579, 52618
18447, 52719
18559, 52819
18639, 52920
18511, 53020
18579, 53121
18583, 53222
18511, 53322
18579, 53423
18511, 53523
18615, 53623
18591, 53725
18555, 53825
18543, 53925
18579, 54026
18579, 54126
18579, 54227
18615, 54328
18607, 54428
18607, 54529
18583, 54629
18447, 54730
18639, 54831
18511, 54931
18615, 55031
18543, 55132
18511, 55233
18579, 55333
18511, 55434
18607, 55534
18447, 55634
18447, 55736
18591, 55836
18559, 55937
18447, 56037
18607, 56137
18591, 56239
18623, 56339
18511, 56439
18511, 56540
18615, 56640
18591, 56741
18639, 56842
18607, 56942
18447, 57042
18559, 57143
18551, 57244
18447, 57345
18607, 57445
18543, 57545
18511, 57646
18607, 57747
18543, 57847
18591, 57948
18559, 58048
18511, 58148
18583, 58250
18591, 58350
18555, 58450
18447, 58551
18639, 58651
18607, 58753
18447, 58853
18511, 58953
18579, 59054
18555, 59154
18511, 59255
18511, 59356
18543, 59456
18543, 59556
18511, 59657
18551, 59758
18511, 59858
18543, 59959
18447, 60059
18583, 60160
18447, 60261
18579, 60361
18447, 60462
18511, 60562
18579, 60662
18511, 60764
18591, 60864
18447, 60964
18579, 61065
18447, 61165
18447, 61266
18591, 61367
18583, 61467
18543, 61568
18511, 61668
18623, 61769
18551, 61870
18511, 61970
18511, 62070
18447, 62171
18447, 62272
18511, 62372
18447, 62473
18447, 62573
18447, 62673
18615, 62775
18591, 62875
18511, 62976
18447, 63076
18447, 63176
18447, 63278
18447, 63378
18543, 63478
18447, 63579
18447, 63679
18511, 63780
18511, 63881
18583, 63981
18511, 64081
18607, 64182
18559, 64283
18447, 64384
18579, 64484
18543, 64584
18579, 64685
18543, 64786
18555, 64886
18543, 64987
18447, 65087
18543, 65187
18591, 65289
18559, 65389
18447, 65489
18447, 54
18447, 154
18511, 254
18579, 355
18447, 456
18447, 557
18511, 657
18383, 757
18447, 858
18583, 958
18447, 1058
18511, 1159
18555, 1259
18383, 1360
18447, 1461
18447, 1561
18447, 1661
18511, 1762
18623, 1862
18511, 1964
18511, 2064
18591, 2164
18543, 2265
18511, 2365
18447, 2465
18579, 2567
18555, 2667
18447, 2767
18447, 2868
18623, 2968
18559, 3068
18559, 3169
18543, 3270
18591, 3371
18583, 3471
18511, 3571
18447, 3672
18511, 3772
18511, 3873
18591, 3974
18579, 4074
18511, 4174
18607, 4275
18607, 4375
18511, 4475
18579, 4577
18543, 4677
18579, 4777
18447, 4878
18591, 4978
18383, 5079
18639, 5180
18447, 5280
18511, 5381
18639, 5481
18511, 5581
18383, 5682
18447, 5783
18511, 5883
18559, 5984
18511, 6084
18511, 6184
18591, 6285
18447, 6385
18615, 6487
18511, 6587
18511, 6687
18607, 6788
18511, 6888
18583, 6988
18511, 7090
18511, 7190
18511, 7290
18607, 7391
18447, 7491
18447, 7591
18511, 7693
18579, 7793
18447, 7894
18383, 7994
18511, 8094
18511, 8195
18447, 8295
18511, 8396
18607, 8497
18555, 8597
18447, 8697
18607, 8798
18579, 8898
18447, 8999
18543, 9100
18447, 9200
18511, 9300
18447, 9401
18447, 9501
18447, 9602
18447, 9703
18543, 9803
18583, 9904
18511, 10004
18511, 10104
18511, 10206
18511, 10306
18511, 10406
18511, 10507
18543, 10607
18579, 10708
18583, 10809
18591, 10909
18447, 11010
18511, 11110
18511, 11211
18543, 11312
18555, 11412
18447, 11512
18543, 11613
18555, 11714
18511, 11814
18607, 11915
18591, 12015
18511, 12115
18447, 12217
18543, 12317
18383, 12418
18511, 12518
18383, 12618
18511, 12720
18447, 12820
18447, 12920
18583, 13021
18623, 13121
18551, 13222
18447, 13323
18511, 13423
18623, 13523
18447, 13624
18447, 13725
18591, 13826
18495, 13926
18447, 14026
18591, 14127
18543, 14228
18555, 14328
18511, 14429
18447, 14529
18511, 14629
18559, 14731
18511, 14831
18447, 14931
18447, 15032
18383, 15132
18511, 15234
18555, 15334
18511, 15434
18447, 15535
18511, 15635
18447, 15736
18511, 15837
18383, 15937
18543, 16037
18447, 16138
18591, 16239
18383, 16339
18447, 16440
18383, 16540
18543, 16641
18511, 16742
18555, 16842
18579, 16943
18511, 17043
18579, 17143
18511, 17245
18607, 17345
18447, 17445
18543, 17546
18511, 17646
18447, 17747
18447, 17848
18511, 17948
18447, 18049
18383, 18149
18383, 18250
18383, 18351
18579, 18451
18447, 18551
18543, 18652
18511, 18753
18511, 18853
18511, 18954
18583, 19054
18511, 19154
18559, 19256
18511, 19356
18511, 19457
18511, 19557
18447, 19657
18511, 19759
18511, 19859
18623, 19959
18511, 20060
18559, 20160
18511, 20261
18383, 20362
18511, 20462
18495, 20562
18447, 20663
18447, 20764
18511, 20865
18447, 20965
18447, 21065
18511, 21166
18495, 21267
18447, 21367
18511, 21468
18383, 21568
18447, 21668
18447, 21770
18447, 21870
18591, 21970
18511, 22071
18447, 22171
18495, 22273
18447, 22373
18447, 22473
18495, 22574
18447, 22674
18511, 22775
18447, 22876
18511, 22976
18543, 23076
18447, 23177
18447, 23278
18447, 23378
18511, 23479
18511, 23579
18447, 23680
18383, 23781
18447, 23881
18447, 23982
18511, 24082
18543, 24182
18447, 24284
18591, 24384
18511, 24484
18367, 24585
18383, 24685
18447, 24786
18511, 24887
18447, 24987
18447, 25088
18511, 25188
18383, 25289
18447, 25390
18511, 25490
18543, 25590
18579, 25691
18543, 25792
18591, 25892
18591, 25993
18511, 26093
18543, 26193
18559, 26295
18447, 26395
18511, 26496
18555, 26596
18543, 26696
18511, 26798
18511, 26898
18447, 26998
18447, 27099
18555, 27199
18583, 27300
18447, 27401
18447, 27501
18447, 27601
18447, 27702
18447, 27803
18447, 27904
18511, 28004
18543, 28104
18511, 28205
18591, 28306
18447, 28406
18447, 28507
18447, 28607
18447, 28707
18447, 28809
18511, 28909
18511, 29009
18511, 29110
18583, 29210
18511, 29312
18495, 29412
18447, 29512
18555, 29613
18383, 29713
18431, 29814
18511, 29915
18543, 30015
18383, 30115
18447, 30216
18447, 30317
18591, 30417
18579, 30518
18383, 30618
18447, 30718
18591, 30820
18383, 30920
18383, 31021
18447, 31121
18511, 31221
18447, 31323
18511, 31423
18511, 31523
18511, 31624
18383, 31724
18383, 31825
18511, 31926
18511, 32026
18447, 32126
18447, 32227
18447, 32328
18447, 32429
18511, 32529
18511, 32629
18447, 32730
18511, 32831
18383, 32931
18583, 33032
18447, 33132
18511, 33232
18511, 33334
18511, 33434
18383, 33534
18511, 33635
18447, 33735
18591, 33837
18383, 33937
18511, 34037
18447, 34138
18383, 34238
18511, 34339
18511, 34440
18559, 34540
18447, 34640
18511, 34741
18511, 34842
18615, 34942
18543, 35043
18511, 35143
18447, 35244
18447, 35345
18447, 35445
18447, 35546
18447, 35646
18591, 35746
18511, 35848
18447, 35948
18447, 36048
18383, 36149
18543, 36249
18447, 36350
18447, 36451
18447, 36551
18447, 36652
18511, 36752
18447, 36853
18511, 36954
18555, 37054
18447, 37154
18511, 37255
18511, 37356
18543, 37456
18447, 37557
18511, 37657
18511, 37757
18579, 37859
18447, 37959
18447, 38060
18511, 38160
18511, 38260
18447, 38362
18383, 38462
18543, 38562
18447, 38663
18511, 38763
18447, 38864
18591, 38965
18583, 39065
18447, 39165
18511, 39266
18559, 39367
18447, 39468
18511, 39568
18383, 39668
18511, 39769
18447, 39870
18447, 39970
18579, 40071
18447, 40171
18447, 40271
18543, 40373
18351, 40473
18511, 40573
18511, 40674
18511, 40774
18383, 40876
18447, 40976
18583, 41076
18447, 41177
18511, 41277
18511, 41378
18447, 41479
18511, 41579
18447, 41679
18383, 41780
18447, 41881
18447, 41981
18511, 42082
18511, 42182
18383, 42283
18591, 42384
18447, 42484
18511, 42585
18447, 42685
18447, 42785
18383, 42887
18447, 42987
18447, 43087
18551, 43188
18383, 43288
18447, 43389
18447, 43490
18511, 43590
18447, 43691
18447, 43791
18383, 43892
18579, 43993
18511, 44093
18447, 44193
18511, 44294
18383, 44395
18383, 44495
18447, 44596
18579, 44696
18495, 44796
18511, 44898
18383, 44998
18583, 45099
18511, 45199
18511, 45299
18447, 45401
18383, 45501
18447, 45601
18447, 45702
18543, 45802
18551, 45903
18447, 46004
18623, 46104
18447, 46204
18447, 46305
18511, 46406
18383, 46507
18447, 46607
18447, 46707
18447, 46808
18447, 46909
18511, 47009
18511, 47110
18543, 47210
18623, 47310
18447, 47412
18543, 47512
18447, 47612
18447, 47713
18447, 47813
18623, 47915
18447, 48015
18447, 48115
18447, 48216
18511, 48316
18591, 48417
18623, 48518
18511, 48618
18447, 48718
18383, 48819
18447, 48920
18543, 49020
18551, 49121
18511, 49221
18559, 49321
18447, 49423
18543, 49523
18511, 49624
18511, 49724
18383, 49824
18559, 49926
18383, 50026
18543, 50126
18447, 50227
18511, 50327
18447, 50428
18543, 50529
18447, 50629
18511, 50729
18511, 50830
18447, 50931
18511, 51032
18511, 51132
18511, 51232
18559, 51333
18591, 51434
18543, 51534
18447, 51635
18447, 51735
18447, 51835
18559, 51937
18447, 52037
18447, 52137
18511, 52238
18447, 52338
18495, 52440
18579, 52540
18511, 52640
18447, 52741
18447, 52841
18447, 52942
18579, 53043
18511, 53143
18447, 53243
18447, 53344
18511, 53445
18383, 53545
18383, 53646
18447, 53746
18447, 53847
18383, 53948
18447, 54048
18447, 54149
18447, 54249
18447, 54349
18511, 54451
18511, 54551
18551, 54651
18511, 54752
18543, 54852
18511, 54953
18551, 55054
18447, 55154
18447, 55255
18511, 55355
18383, 55456
18559, 55557
18447, 55657
18511, 55757
18447, 55858
18447, 55959
18511, 56059
18447, 56160
18447, 56260
18447, 56360
18543, 56462
18615, 56562
18447, 56663
18383, 56763
18447, 56863
18447, 56965
18447, 57065
18511, 57165
18511, 57266
18511, 57366
18447, 57467
18511, 57568
18543, 57668
18511, 57768
18447, 57869
18383, 57970
18511, 58071
18447, 58171
18555, 58271
18447, 58372
18383, 58473
18511, 58573
18447, 58674
18447, 58774
18447, 58874
18447, 58976
18511, 59076
18383, 59176
18447, 59277
18511, 59377
18511, 59479
18447, 59579
18495, 59679
18447, 59780
18511, 59880
18447, 59981
18447, 60082
18447, 60182
18447, 60282
18383, 60383
18543, 60484
18447, 60584
18447, 60685
18555, 60785
18447, 60886
18447, 60987
18383, 61087
18383, 61188
18447, 61288
18447, 61388
18447, 61490
18447, 61590
18447, 61690
18447, 61791
18447, 61891
18447, 61992
18511, 62093
18383, 62193
18511, 62294
18511, 62394
18511, 62495
18447, 62596
18543, 62696
18543, 62796
18447, 62897
18447, 62998
18511, 63098
18447, 63199
18447, 63299
18447, 63399
18383, 63501
18447, 63601
18383, 63702
18383, 63802
18351, 63902
18555, 64004
18447, 64104
18511, 64204
18447, 64305
18447, 64405
18383, 64506
18447, 64607
18543, 64707
18511, 64807
18447, 64908
18367, 65009
18511, 65110
18383, 65210
18351, 65310
18383, 65411
18447, 65512
18511, 76
18383, 177
18383, 277
18447, 377
18511, 478
18511, 578
18511, 678
18511, 780
18447, 880
18447, 980
18511, 1081
18383, 1181
18383, 1282
18383, 1382
18447, 1483
18511, 1584
18447, 1684
18383, 1784
18383, 1885
18495, 1985
18447, 2085
18447, 2187
18447, 2287
18447, 2387
18511, 2488
18447, 2588
18447, 2689
18383, 2790
18447, 2890
18383, 2991
18447, 3091
18383, 3191
18383, 3292
18447, 3392
18383, 3493
18447, 3594
18383, 3694
18383, 3794
18351, 3895
18447, 3995
18383, 4097
18383, 4197
18511, 4297
18383, 4398
18383, 4498
18447, 4598
18447, 4700
18383, 4800
18447, 4900
18447, 5001
18447, 5101
18383, 5201
18383, 5302
18383, 5403
18511, 5504
18383, 5604
18447, 5704
18383, 5805
18447, 5905
18511, 6006
18447, 6107
18431, 6207
18367, 6307
18383, 6408
18351, 6508
18447, 6608
18447, 6710
18383, 6810
18447, 6910
18383, 7011
18383, 7111
18447, 7212
18511, 7313
18447, 7413
18447, 7514
18447, 7614
18511, 7714
18383, 7815
18495, 7916
18447, 8016
18383, 8117
18383, 8217
18447, 8317
18383, 8418
18447, 8518
18383, 8620
18447, 8720
18383, 8820
18511, 8921
18447, 9021
18383, 9121
18383, 9223
18447, 9323
18335, 9423
18447, 9524
18447, 9624
18511, 9724
18383, 9826
18383, 9926
18383, 10027
18447, 10127
18511, 10227
18383, 10328
18447, 10429
18447, 10529
18447, 10630
18383, 10730
18447, 10830
18447, 10932
18511, 11032
18383, 11132
18511, 11233
18447, 11333
18511, 11435
18495, 11535
18383, 11635
18383, 11736
18383, 11836
18447, 11937
18367, 12038
18383, 12138
18555, 12238
18447, 12339
18383, 12440
18447, 12540
18383, 12641
18383, 12741
18447, 12841
18447, 12943
18447, 13043
18511, 13144
18383, 13244
18447, 13344
18511, 13446
18447, 13546
18383, 13646
18447, 13747
18583, 13847
18383, 13948
18383, 14049
18447, 14149
18447, 14249
18579, 14350
18383, 14451
18511, 14552
18447, 14652
18383, 14752
18511, 14853
18383, 14954
18447, 15054
18447, 15155
18511, 15255
18447, 15355
18511, 15457
18511, 15557
18383, 15657
18447, 15758
18383, 15858
18383, 15960
18383, 16060
18447, 16160
18383, 16261
18383, 16361
18447, 16462
18383, 16563
18335, 16663
18447, 16763
18383, 16864
18383, 16965
18383, 17065
18543, 17166
18383, 17266
18383, 17367
18351, 17468
18511, 17568
18447, 17669
18383, 17769
18583, 17869
18447, 17971
18447, 18071
18511, 18171
18383, 18272
18447, 18372
18447, 18473
18511, 18574
18579, 18674
18383, 18775
18447, 18875
18511, 18976
18383, 19077
18511, 19177
18383, 19277
18447, 19378
18447, 19479
18511, 19579
18383, 19680
18447, 19780
18447, 19880
18447, 19982
18447, 20082
18447, 20183
18383, 20283
18383, 20383
18383, 20485
18447, 20585
18447, 20685
18383, 20786
18383, 20886
18511, 20987
18383, 21088
18383, 21188
18447, 21288
18447, 21389
18447, 21490
18447, 21591
18511, 21691
18447, 21791
18447, 21892
18447, 21993
18383, 22093
18447, 22194
18447, 22294
18447, 22394
18447, 22496
18447, 22596
18447, 22696
18511, 22797
18447, 22897
18383, 22999
18511, 23099
18447, 23199
18447, 23300
18383, 23400
18447, 23501
18447, 23602
18447, 23702
18511, 23802
18383, 23903
18447, 24004
18511, 24104
18383, 24205
18511, 24305
18447, 24406
18383, 24507
18383, 24607
18383, 24708
18511, 24808
18511, 24909
18447, 25010
18447, 25110
18447, 25210
18447, 25311
18431, 25412
18511, 25512
18511, 25613
18447, 25713
18447, 25814
18447, 25915
18447, 26015
18383, 26116
18511, 26216
18447, 26316
18511, 26418
18511, 26518
18511, 26618
18383, 26719
18511, 26819
18447, 26920
18383, 27021
18447, 27121
18447, 27222
18511, 27322
18511, 27423
18447, 27524
18383, 27624
18555, 27724
18511, 27825
18447, 27926
18447, 28026
18447, 28127
18447, 28227
18447, 28327
18447, 28429
18447, 28529
18447, 28630
18543, 28730
18447, 28830
18383, 28932
18555, 29032
18383, 29132
18511, 29233
18511, 29333
18447, 29434
18511, 29535
18511, 29635
18447, 29735
18511, 29836
18383, 29937
18383, 30038
18511, 30138
18447, 30238
18447, 30339
18511, 30440
18511, 30540
18511, 30641
18555, 30741
18447, 30841
18543, 30943
18447, 31043
18447, 31143
18447, 31244
18559, 31344
18447, 31446
18447, 31546
18447, 31646
18555, 31747
18447, 31847
18511, 31948
18511, 32049
18383, 32149
18447, 32249
18383, 32350
18511, 32451
18383, 32551
18447, 32652
18543, 32752
18579, 32852
18511, 32954
18383, 33054
18383, 33155
18447, 33255
18511, 33355
18447, 33457
18383, 33557
18447, 33657
18511, 33758
18383, 33858
18495, 33959
18383, 34060
18447, 34160
18383, 34260
18511, 34361
18351, 34462
18447, 34563
18383, 34663
18447, 34763
18447, 34864
18383, 34965
18447, 35065
18447, 35166
18447, 35266
18447, 35366
18447, 35468
18383, 35568
18511, 35668
18511, 35769
18447, 35869
18511, 35971
18383, 36071
18383, 36171
18555, 36272
18447, 36372
18511, 36473
18543, 36574
18447, 36674
18383, 36774
18511, 36875
18447, 36976
18447, 37076
18511, 37177
18555, 37277
18383, 37378
18383, 37479
18431, 37579
18447, 37680
18447, 37780
18367, 37880
18383, 37982
18447, 38082
18383, 38182
18447, 38283
18447, 38383
18383, 38484
18447, 38585
18511, 38685
18447, 38786
18383, 38886
18383, 38987
18351, 39088
18447, 39188
18383, 39288
18511, 39389
18447, 39490
18383, 39590
18335, 39691
18447, 39791
18351, 39891
18383, 39993
18447, 40093
18511, 40194
18447, 40294
18447, 40394
18447, 40496
18447, 40596
18511, 40696
18447, 40797
18511, 40897
18447, 40998
18383, 41099
18383, 41199
18591, 41299
18447, 41400
18511, 41501
18447, 41602
18383, 41702
18383, 41802
18447, 41903
18447, 42004
18447, 42104
18511, 42205
18511, 42305
18383, 42405
18511, 42507
18383, 42607
18383, 42707
18511, 42808
18447, 42908
18447, 43010
18383, 43110
18447, 43210
18383, 43311
18383, 43411
18447, 43512
18383, 43613
18511, 43713
18383, 43813
18447, 43914
18447, 44015
18383, 44115
18383, 44216
18447, 44316
18511, 44417
18383, 44518
18543, 44618
18383, 44719
18447, 44819
18447, 44919
18383, 45021
18447, 45121
18383, 45221
18383, 45322
18447, 45422
18383, 45523
18383, 45624
18383, 45724
18383, 45825
18511, 45925
18383, 46026
18383, 46127
18447, 46227
18383, 46327
18383, 46428
18447, 46529
18383, 46629
18447, 46730
18383, 46830
18383, 46930
18383, 47032
18383, 47132
18383, 47233
18383, 47333
18447, 47433
18351, 47535
18511, 47635
18351, 47735
18447, 47836
18447, 47936
18579, 48037
18383, 48138
18447, 48238
18383, 48338
18447, 48439
18383, 48540
18367, 48641
18383, 48741
18383, 48841
18447, 48942
18447, 49043
18511, 49143
18383, 49244
18543, 49344
18447, 49444
18383, 49546
18511, 49646
18383, 49746
18383, 49847
18511, 49947
18511, 50049
18447, 50149
18383, 50249
18383, 50350
18383, 50450
18383, 50551
18447, 50652
18383, 50752
18383, 50852
18383, 50953
18511, 51054
18383, 51154
18383, 51255
18383, 51355
18383, 51456
18511, 51557
18351, 51657
18543, 51758
18447, 51858
18543, 51958
18511, 52060
18383, 52160
18447, 52260
18383, 52361
18447, 52461
18447, 52562
18447, 52663
18383, 52763
18511, 52864
18383, 52964
18511, 53065
18447, 53166
18447, 53266
18447, 53366
18447, 53467
18447, 53568
18447, 53668
18447, 53769
18447, 53869
18447, 53969
18447, 54071
18383, 54171
18447, 54272
18447, 54372
18383, 54472
18447, 54574
18383, 54674
18447, 54774
18583, 54875
18447, 54975
18511, 55076
18447, 55177
18447, 55277
18511, 55377
18335, 55478
18495, 55579
18447, 55680
18447, 55780
18447, 55880
18383, 55981
18383, 56082
18447, 56182
18447, 56283
18447, 56383
18511, 56483
18447, 56585
18511, 56685
18383, 56785
18511, 56886
18383, 56986
18447, 57088
18351, 57188
18447, 57288
18351, 57389
18447, 57489
18383, 57590
18511, 57691
18383, 57791
18351, 57891
18351, 57992
18383, 58093
18447, 58193
18351, 58294
18383, 58394
18383, 58494
18383, 58596
18447, 58696
18383, 58797
18511, 58897
18447, 58997
18383, 59099
18447, 59199
18383, 59299
18383, 59400
18383, 59500
18447, 59601
18447, 59702
18383, 59802
18511, 59902
18383, 60003
18447, 60104
18383, 60205
18383, 60305
18383, 60405
18383, 60506
18447, 60607
18447, 60707
18447, 60808
18447, 60908
18447, 61008
18383, 61110
18383, 61210
18511, 61310
18383, 61411
18447, 61511
18383, 61613
18447, 61713
18383, 61813
18447, 61914
18447, 62014
18383, 62115
18383, 62216
18447, 62316
18383, 62416
18383, 62517
18447, 62618
18447, 62718
18511, 62819
18447, 62919
18383, 63020
18447, 63121
18383, 63221
18447, 63322
18383, 63422
18383, 63522
18383, 63624
18447, 63724
18447, 63824
18383, 63925
18383, 64025
18383, 64126
18383, 64227
18383, 64327
18383, 64428
18383, 64528
18383, 64629
18383, 64730
18383, 64830
18383, 64930
18383, 65031
18447, 65132
18383, 65232
18447, 65333
18383, 65433
18351, 65533
18447, 99
18447, 199
18383, 300
18383, 400
18511, 500
18383, 601
18447, 701
18383, 801
18447, 902
18383, 1002
18383, 1103
18447, 1204
18383, 1304
18383, 1404
18383, 1505
18383, 1605
18447, 1707
18383, 1807
18383, 1907
18447, 2008
18447, 2108
18335, 2208
18447, 2309
18383, 2410
18383, 2510
18383, 2611
18383, 2711
18383, 2811
18327, 2912
18383, 3013
18383, 3113
18383, 3214
18383, 3314
18383, 3415
18447, 3515
18511, 3616
18383, 3717
18383, 3817
18447, 3917
18383, 4018
18383, 4118
18447, 4218
18383, 4320
18447, 4420
18383, 4520
18447, 4621
18383, 4721
18383, 4822
18383, 4923
18431, 5023
18447, 5124
18383, 5224
18383, 5324
18383, 5425
18383, 5525
18383, 5626
18383, 5727
18447, 5827
18383, 5927
18383, 6028
18383, 6128
18383, 6230
18383, 6330
18447, 6430
18447, 6531
18383, 6631
18383, 6731
18431, 6833
18383, 6933
18383, 7033
18351, 7134
18383, 7234
18383, 7334
18383, 7435
18383, 7536
18383, 7636
18383, 7737
18447, 7837
18383, 7938
