
20895, 3340
20863, 3440
20911, 3540
20911, 3641
20943, 3742
20903, 3843
20815, 3943
815, 3017
20911, 3139
20879, 3239
20895, 3340
20863, 3440
20911, 3540
20911, 3641
20943, 3742
20903, 3843
20815, 3943
815, 3017
20911, 3139
20879, 3239
20895, 3340
20863, 3440
20911, 3540
20911, 3641
20943, 3742
20903, 3843
20815, 3943
20943, 1087
20943, 1187
20943, 1288
20903, 1388
20911, 1488
20943, 1589
20911, 1690
21007, 1790
20943, 1891
20943, 1991
20943, 2113
20863, 2213
20943, 2314
21055, 2414
20943, 2514
20943, 2615
20943, 2716
20943, 2817
20943, 2917
20943, 3017
20943, 3139
20943, 3239
21055, 3340
20943, 3440
20879, 3540
20943, 3641
20943, 3742
20943, 3843
20943, 3943
20943, 4043
20943, 4165
20943, 4265
20879, 4366
20943, 4466
20943, 4567
20943, 4667
20911, 4767
20927, 4869
20911, 4969
20879, 5069
20895, 5190
20943, 5292
20943, 5392
20943, 5492
20943, 5593
20927, 5693
20943, 5793
20895, 5895
20943, 5995
20943, 6095
20911, 6216
20927, 6318
20815, 6418
21055, 6518
20943, 6619
20943, 6719
20943, 6819
20975, 6921
20943, 7021
20863, 7121
20943, 7242
20943, 7344
20943, 7444
20815, 7544
20815, 7645
20943, 7745
20943, 7845
20943, 7946
20911, 8047
20975, 8147
20943, 8268
20943, 8369
20863, 8470
20943, 8570
20943, 8671
21071, 8771
20879, 8871
20943, 8972
20943, 9073
20879, 9174
21007, 9294
20943, 9395
20943, 9496
20943, 9596
20943, 9697
20943, 9797
20927, 9897
20975, 9998
20903, 10099
20895, 10200
20943, 10320
20943, 10421
20975, 10522
20863, 10622
20943, 10723
20879, 10823
20943, 10924
20863, 11025
20879, 11125
21007, 11226
20927, 11347
20911, 11448
20943, 11548
20815, 11649
20943, 11750
20911, 11850
20943, 11951
20943, 12051
20879, 12151
20911, 12253
20815, 12374
20815, 12474
20943, 12574
20943, 12676
20943, 12776
20943, 12876
20943, 12977
20943, 13078
20927, 13178
20943, 13279
20911, 13400
20911, 13501
20943, 13601
20927, 13702
20879, 13802
20927, 13902
20975, 14004
20943, 14104
20943, 14204
20943, 14305
20879, 14427
20943, 14527
20815, 14627
20943, 14728
20943, 14829
20911, 14929
20975, 15030
20975, 15130
20943, 15230
20943, 15332
20943, 15453
20943, 15553
20975, 15654
20911, 15755
20879, 15855
20927, 15955
20943, 16056
20943, 16157
20943, 16258
20895, 16358
20943, 16480
20943, 16580
20943, 16680
20943, 16781
20863, 16881
20975, 16983
20943, 17083
20911, 17183
20943, 17284
20943, 17384
20975, 17506
20943, 17606
20943, 17707
20943, 17808
20943, 17908
20927, 18009
20879, 18109
20879, 18209
20943, 18311
20943, 18411
20911, 18532
20943, 18633
20943, 18734
20815, 18834
20911, 18934
20911, 19035
20975, 19136
20943, 19236
21007, 19337
20943, 19437
20943, 19559
20927, 19659
20943, 19760
20927, 19860
20943, 19961
20879, 20062
20927, 20162
20943, 20262
20943, 20363
20943, 20464
20943, 20585
20863, 20685
20943, 20786
20943, 20887
20927, 20987
20943, 21088
20943, 21188
20943, 21289
20943, 21390
20943, 21490
20911, 21611
20927, 21712
20943, 21813
20927, 21913
20975, 22013
20943, 22114
20943, 22215
20911, 22316
20943, 22416
20911, 22516
20911, 22638
20943, 22738
20879, 22839
20863, 22939
20879, 23041
20943, 23141
20911, 23241
20927, 23342
20879, 23442
20975, 23543
20943, 23664
20879, 23764
20911, 23866
20943, 23966
20815, 24067
20943, 24167
20975, 24267
20943, 24369
20863, 24469
20927, 24569
20879, 24691
20895, 24792
20911, 24892
20943, 24992
20927, 25093
20927, 25194
20943, 25294
20815, 25395
20943, 25495
20943, 25595
20943, 25717
20911, 25818
20975, 25918
20943, 26019
20911, 26120
20879, 26220
20879, 26320
20863, 26421
20903, 26522
20879, 26622
21007, 26743
20879, 26845
20943, 26945
20895, 27045
20895, 27146
20903, 27246
20943, 27347
20815, 27448
20975, 27548
20879, 27649
20879, 27770
20911, 27871
20863, 27971
20815, 28071
20911, 28173
20815, 28273
20815, 28374
20815, 28474
20911, 28574
20879, 28676
20911, 28796
20815, 28897
20911, 28997
20943, 29099
20863, 29199
20927, 29299
20911, 29400
20911, 29501
20927, 29601
20911, 29702
20927, 29822
20943, 29924
20927, 30024
20863, 30125
20927, 30225
20895, 30325
20815, 30427
20815, 30527
20943, 30627
20879, 30728
20943, 30850
20943, 30950
20815, 31050
20943, 31151
20943, 31252
20943, 31352
20815, 31453
20911, 31553
20911, 31653
20903, 31755
20863, 31876
20927, 31976
20943, 32077
20943, 32178
20911, 32278
20879, 32378
20911, 32479
20943, 32580
20927, 32680
20911, 32781
20815, 32903
20815, 33003
20927, 33103
20927, 33204
20911, 33304
21055, 33405
20975, 33506
20943, 33606
20863, 33707
20815, 33807
20879, 33929
20927, 34029
20943, 34129
20943, 34231
20943, 34331
20895, 34432
20927, 34532
20815, 34632
20943, 34734
20815, 34834
20943, 34955
20815, 35056
20943, 35156
20815, 35257
20943, 35357
21071, 35458
20815, 35559
20927, 35659
21007, 35760
20975, 35860
20943, 35982
20879, 36082
20815, 36183
20943, 36283
20815, 36384
20863, 36485
20911, 36585
20911, 36685
20943, 36786
20911, 36887
20911, 37008
20903, 37108
20815, 37209
20815, 37310
20863, 37410
20751, 37511
20903, 37611
20863, 37712
20943, 37813
20751, 37913
20815, 38034
20943, 38135
20815, 38236
20863, 38336
20927, 38436
20863, 38538
20911, 38638
20927, 38738
20911, 38839
20943, 38939
20943, 39061
20879, 39161
20903, 39262
20879, 39362
20879, 39463
20927, 39564
20895, 39664
20911, 39764
20911, 39866
20879, 39966
20943, 40087
20911, 40187
20863, 40289
20815, 40389
20863, 40489
20943, 40590
20879, 40690
20943, 40792
20943, 40892
20911, 40992
20943, 41114
20815, 41214
20895, 41315
20943, 41415
20815, 41516
20879, 41617
20879, 41717
20943, 41818
20863, 41918
20911, 42018
20943, 42140
20927, 42241
20911, 42341
20943, 42442
20911, 42543
20879, 42643
20863, 42743
20943, 42844
20943, 42945
20911, 43045
20927, 43166
20903, 43268
20815, 43368
20863, 43468
20903, 43569
20911, 43669
20879, 43770
20911, 43871
20815, 43971
20895, 44071
20911, 44193
20815, 44294
20911, 44394
20863, 44494
20943, 44596
20879, 44696
20815, 44796
20943, 44897
20943, 44997
20815, 45099
20911, 45219
20943, 45320
20943, 45421
20911, 45521
20911, 45622
20943, 45722
20943, 45822
20943, 45924
20863, 46024
20879, 46125
20815, 46245
20879, 46347
20927, 46447
20815, 46547
20815, 46648
20911, 46748
20911, 46850
20815, 46950
20943, 47050
20815, 47151
20911, 47272
20943, 47373
20943, 47473
20815, 47574
20943, 47675
20863, 47775
20903, 47876
20911, 47976
20943, 48076
20815, 48178
20879, 48299
20911, 48399
20943, 48500
20927, 48601
20911, 48701
20879, 48801
20879, 48902
20815, 49003
20879, 49103
20751, 49204
20815, 49326
20815, 49426
20943, 49526
20815, 49627
20815, 49727
20943, 49828
20911, 49929
20815, 50029
20943, 50129
20911, 50230
20895, 50352
20815, 50452
20911, 50552
20815, 50654
20943, 50754
20815, 50854
20911, 50955
20911, 51055
20895, 51156
20879, 51257
20815, 51378
20911, 51479
20879, 51579
20815, 51680
20863, 51780
20815, 51880
20911, 51982
20911, 52082
20943, 52183
20863, 52283
20911, 52405
20911, 52505
20943, 52605
20863, 52706
20815, 52807
20815, 52908
20863, 53008
20815, 53108
20863, 53209
20815, 53310
20927, 53431
20903, 53531
20943, 53632
20927, 53733
20815, 53833
20879, 53934
20879, 54034
20815, 54135
20943, 54236
20815, 54336
20815, 54457
20863, 54558
20903, 54659
20943, 54759
20943, 54859
20815, 54960
20911, 55061
20911, 55161
20927, 55262
20815, 55362
20863, 55484
20895, 55584
20815, 55685
20911, 55785
20943, 55886
20943, 55987
20863, 56087
20879, 56187
20879, 56288
20911, 56389
20943, 56510
20943, 56610
20815, 56712
20863, 56812
20927, 56912
20815, 57013
20911, 57113
20943, 57214
20879, 57315
20815, 57415
20911, 57537
20863, 57637
20863, 57738
20751, 57838
20943, 57938
20879, 58040
20751, 58140
20815, 58241
20911, 58341
20879, 58441
20943, 58563
20815, 58663
20927, 58764
20815, 58865
20927, 58966
20863, 59066
20879, 59166
20863, 59267
20911, 59368
20879, 59468
20879, 59589
20943, 59691
20911, 59791
20815, 59891
20815, 59992
20927, 60092
20751, 60193
20943, 60294
20943, 60394
20927, 60494
20879, 60616
20815, 60717
20943, 60817
20911, 60917
20815, 61019
20943, 61119
20911, 61219
20863, 61320
20927, 61420
20943, 61521
20911, 61642
20911, 61743
20911, 61844
20911, 61944
20863, 62045
20815, 62145
20879, 62245
20815, 62347
20863, 62447
20879, 62547
20815, 62668
20815, 62770
20927, 62870
20911, 62970
20815, 63071
20815, 63172
20863, 63272
20863, 63373
20895, 63473
20975, 63574
20863, 63695
20863, 63796
20911, 63896
20927, 63996
20943, 64098
20895, 64198
20911, 64299
20863, 64399
20815, 64499
20943, 64601
20815, 64721
20943, 64822
20943, 64923
20815, 65024
20927, 65124
20911, 65224
20895, 65325
20815, 65426
20879, 65526
20863, 91
20927, 211
20815, 313
20815, 413
20927, 514
20911, 614
20911, 714
20815, 815
20879, 915
20911, 1015
20943, 1116
20863, 1238
20911, 1338
20943, 1438
20943, 1539
20911, 1640
20895, 1740
20815, 1841
20815, 1941
20911, 2041
20879, 2142
20943, 2264
20815, 2364
20863, 2464
20911, 2565
20879, 2666
20863, 2766
20879, 2867
20911, 2967
20911, 3067
20815, 3168
20943, 3290
20911, 3390
20911, 3490
20815, 3591
20815, 3691
20815, 3792
20751, 3893
20815, 3993
20895, 4093
20863, 4194
20815, 4316
20863, 4416
20943, 4516
20815, 4617
20815, 4717
20879, 4818
20911, 4919
20879, 5019
20895, 5120
20815, 5220
20911, 5342
20815, 5442
20927, 5542
20911, 5643
20903, 5743
20927, 5844
20879, 5945
20911, 6045
20815, 6146
20879, 6246
20815, 6368
20943, 6468
20799, 6568
20911, 6669
20815, 6769
20943, 6870
20927, 6971
20815, 7071
20815, 7172
20911, 7272
20863, 7394
20943, 7494
20943, 7595
20863, 7695
20943, 7795
20911, 7896
20927, 7997
20815, 8097
20879, 8198
20943, 8298
20927, 8420
20903, 8520
20815, 8621
20815, 8721
20815, 8821
20911, 8922
20815, 9023
20815, 9123
20815, 9224
20911, 9324
20911, 9445
20927, 9546
20879, 9647
20863, 9747
20911, 9847
20927, 9948
20903, 10048
20863, 10149
20911, 10250
20943, 10350
20943, 10472
20927, 10572
20879, 10673
20815, 10773
20911, 10873
20815, 10975
20863, 11075
20799, 11175
20815, 11276
20911, 11376
20927, 11498
20863, 11598
20815, 11699
20911, 11800
20879, 11900
20943, 12001
20879, 12101
20799, 12201
20927, 12303
20943, 12403
20815, 12524
20815, 12625
20815, 12726
20911, 12826
20863, 12926
20911, 13027
20799, 13128
20815, 13229
20879, 13329
20943, 13429
20943, 13551
20879, 13651
20815, 13752
20943, 13852
20943, 13954
20879, 14054
20815, 14154
20815, 14255
20927, 14355
20815, 14456
20815, 14577
20815, 14678
20927, 14778
20815, 14879
20911, 14980
20815, 15080
20815, 15180
20863, 15281
20911, 15382
20879, 15482
20927, 15603
20815, 15705
20943, 15805
20815, 15905
20863, 16006
20911, 16106
20903, 16207
20815, 16308
20879, 16408
20911, 16508
20911, 16630
20911, 16731
20815, 16831
20863, 16931
20815, 17033
20927, 17133
20815, 17233
20863, 17334
20911, 17434
20815, 17536
20815, 17656
20927, 17757
20863, 17858
20815, 17958
20751, 18059
20911, 18159
20815, 18259
20911, 18361
20863, 18461
20815, 18562
20943, 18683
20879, 18784
20911, 18884
20815, 18984
20943, 19085
20879, 19186
20943, 19287
20815, 19387
20863, 19487
20911, 19588
20927, 19709
20879, 19810
20895, 19910
20927, 20012
20895, 20112
20863, 20212
20815, 20313
20815, 20413
20895, 20514
20927, 20615
20815, 20736
20815, 20836
20815, 20937
20863, 21038
20815, 21138
20943, 21238
20879, 21340
20943, 21440
20911, 21540
20943, 21641
20927, 21763
20879, 21863
20799, 21963
20911, 22064
20863, 22164
20943, 22265
20815, 22366
20911, 22466
20943, 22566
20879, 22668
20815, 22789
20879, 22889
20879, 22989
20863, 23091
20879, 23191
20943, 23291
20879, 23392
20911, 23492
20927, 23593
20895, 23694
20911, 23815
20863, 23916
20943, 24016
20879, 24117
20975, 24217
20911, 24317
20815, 24419
20911, 24519
20903, 24620
20911, 24720
20911, 24842
20815, 24942
20815, 25042
20815, 25143
20863, 25244
20911, 25345
20815, 25445
20911, 25545
20911, 25646
20911, 25747
20815, 25868
20815, 25968
20863, 26070
20815, 26170
20815, 26270
20911, 26371
20911, 26471
20911, 26572
20927, 26673
20927, 26773
20903, 26895
20911, 26995
20927, 27096
20895, 27196
20943, 27296
20879, 27398
20863, 27498
20863, 27598
20863, 27699
20815, 27799
20815, 27921
20879, 28021
20863, 28122
20879, 28223
20815, 28323
20911, 28424
20911, 28524
20815, 28624
20943, 28726
20879, 28826
20911, 28947
20815, 29048
20815, 29149
20927, 29249
20911, 29349
20879, 29450
20911, 29551
20943, 29651
20815, 29752
20815, 29852
20863, 29974
20751, 30074
20975, 30175
20911, 30275
20911, 30376
20815, 30477
20895, 30577
20911, 30678
20815, 30778
20815, 30879
20911, 31000
20895, 31100
20815, 31202
20751, 31302
20927, 31403
20911, 31503
20799, 31603
20751, 31705
20815, 31805
20863, 31905
20911, 32026
20863, 32128
20975, 32228
20927, 32328
20815, 32429
20943, 32529
20879, 32630
20943, 32731
20943, 32831
20863, 32931
20911, 33053
20815, 33154
20815, 33254
20815, 33354
20751, 33456
20911, 33556
20879, 33656
20895, 33757
20815, 33857
20879, 33958
20927, 34079
20943, 34180
20815, 34281
20815, 34381
20863, 34482
20927, 34582
20879, 34682
20751, 34784
20815, 34884
20815, 34984
20815, 35106
20879, 35207
20751, 35307
20911, 35407
20863, 35508
20815, 35609
20911, 35709
20815, 35810
20815, 35910
20911, 36011
20815, 36132
20927, 36233
20815, 36333
20815, 36434
20903, 36535
20863, 36635
20927, 36736
20927, 36836
20815, 36937
20815, 37038
20815, 37158
20895, 37260
20815, 37360
20815, 37460
20815, 37561
20815, 37661
20751, 37763
20895, 37863
20815, 37963
20879, 38064
20927, 38185
20879, 38286
20927, 38386
20799, 38487
20815, 38588
20815, 38688
20895, 38789
20911, 38889
20751, 38989
20911, 39091
20879, 39212
20815, 39312
20815, 39412
20895, 39514
20879, 39614
20943, 39714
20751, 39815
20879, 39916
20911, 40016
20911, 40117
20751, 40238
20863, 40339
20799, 40439
20815, 40540
20799, 40640
20815, 40741
20815, 40842
20911, 40942
20943, 41042
20799, 41143
20815, 41265
20815, 41365
20879, 41465
20863, 41566
20815, 41667
20815, 41767
20943, 41868
20799, 41968
20751, 42068
20815, 42170
20815, 42291
20815, 42391
20815, 42492
20879, 42593
20815, 42693
20903, 42793
20751, 42894
20815, 42995
20751, 43096
20815, 43196
20911, 43318
20815, 43418
20927, 43518
20879, 43619
20911, 43719
20863, 43821
20751, 43921
20911, 44021
20879, 44122
20751, 44222
20815, 44344
20943, 44444
20863, 44545
20863, 44646
20815, 44746
20815, 44847
20815, 44947
20751, 45047
20879, 45149
20879, 45249
20815, 45370
20815, 45471
20815, 45572
20815, 45672
20879, 45772
20815, 45873
20751, 45974
20895, 46074
20815, 46175
20879, 46275
20799, 46397
20927, 46497
20911, 46598
20879, 46698
20815, 46799
20911, 46900
20751, 47000
20799, 47100
20911, 47201
20815, 47302
20879, 47423
20815, 47523
20879, 47624
20815, 47725
20783, 47825
20815, 47926
20815, 48026
20687, 48128
20815, 48228
20943, 48328
20863, 48449
20879, 48550
20815, 48651
20815, 48751
20815, 48851
20815, 48952
20751, 49053
20879, 49154
20911, 49254
20815, 49354
20895, 49476
20815, 49576
20815, 49677
20927, 49777
20751, 49879
20815, 49979
20863, 50079
20751, 50180
20815, 50280
20751, 50381
20751, 50502
20751, 50603
20879, 50704
20751, 50804
20751, 50905
20687, 51005
20751, 51105
20815, 51207
20815, 51307
20815, 51407
20815, 51529
20975, 51630
20815, 51730
20863, 51830
20895, 51931
20815, 52032
20863, 52132
20863, 52233
20815, 52333
20815, 52433
20815, 52555
20815, 52656
20815, 52756
20751, 52857
20911, 52958
20895, 53058
20815, 53158
20943, 53259
20943, 53360
20863, 53460
20815, 53581
20815, 53683
20879, 53783
20815, 53883
20815, 53984
20751, 54084
20815, 54185
20751, 54286
20863, 54386
20815, 54487
20815, 54608
20879, 54709
20879, 54809
20751, 54909
20863, 55011
20927, 55111
20751, 55212
20751, 55312
20863, 55412
20815, 55514
20863, 55634
20751, 55735
20815, 55835
20911, 55937
20911, 56037
20879, 56137
20911, 56238
20815, 56339
20783, 56439
20895, 56540
20911, 56660
20815, 56762
20815, 56862
20815, 56963
20815, 57063
20863, 57163
20815, 57265
20863, 57365
20863, 57465
20815, 57566
20863, 57688
20863, 57788
20751, 57888
20815, 57989
20815, 58090
20687, 58190
20895, 58291
20879, 58391
20863, 58491
20815, 58593
20879, 58714
20815, 58814
20879, 58915
20815, 59016
20815, 59116
20895, 59216
20879, 59317
20863, 59418
20815, 59518
20879, 59619
20911, 59741
20815, 59841
20815, 59941
20927, 60042
20895, 60142
20799, 60243
20815, 60344
20911, 60444
20815, 60545
20815, 60645
20863, 60767
20863, 60867
20815, 60967
20863, 61069
20879, 61169
20815, 61270
20815, 61370
20911, 61470
20895, 61572
20911, 61672
20943, 61793
20751, 61894
20751, 61995
20927, 62095
20879, 62195
20815, 62296
20815, 62397
20751, 62497
20879, 62598
20927, 62698
20927, 62820
20863, 62920
20687, 63021
20751, 63121
20751, 63222
20751, 63323
20815, 63423
20815, 63523
20903, 63624
20863, 63725
20815, 63846
20927, 63946
20815, 64047
20911, 64148
20863, 64248
20879, 64349
20879, 64449
20751, 64550
20911, 64651
20911, 64751
20863, 64872
20815, 64973
20799, 65074
20895, 65174
20895, 65274
20815, 65375
20927, 65476
20943, 40
20783, 141
20799, 241
20879, 363
20863, 463
20863, 564
20911, 664
20751, 764
20895, 865
20911, 965
20815, 1065
20815, 1166
20815, 1267
20815, 1388
20911, 1488
20815, 1589
20815, 1690
20815, 1790
20895, 1891
20815, 1991
20815, 2092
20815, 2192
20815, 2293
20815, 2414
20895, 2514
20815, 2615
20863, 2715
20815, 2817
20863, 2917
20911, 3017
20927, 3118
20879, 3218
20815, 3318
20863, 3440
20943, 3540
20911, 3641
20751, 3741
20815, 3843
20815, 3943
20815, 4043
20863, 4144
20879, 4244
20815, 4344
20815, 4466
20911, 4567
20751, 4667
20911, 4767
20895, 4869
20815, 4969
20911, 5069
20927, 5170
20815, 5270
20815, 5370
20943, 5492
20815, 5593
20815, 5693
20815, 5793
20751, 5894
20751, 5995
20719, 6095
20815, 6196
20863, 6296
20879, 6396
20815, 6518
20815, 6619
20863, 6719
20815, 6819
20751, 6920
20879, 7021
20911, 7121
20943, 7222
20751, 7322
20895, 7422
20815, 7544
20815, 7645
20911, 7745
20751, 7845
20815, 7946
20815, 8047
20903, 8147
20943, 8248
20815, 8348
20815, 8449
20863, 8570
20751, 8671
20815, 8771
20863, 8871
20751, 8972
20815, 9072
20863, 9174
20903, 9274
20879, 9374
20751, 9475
20943, 9596
20815, 9697
20751, 9797
20815, 9897
20815, 9998
20815, 10098
20863, 10200
20815, 10300
20815, 10400
20815, 10501
20863, 10622
20815, 10723
20815, 10823
20863, 10924
20863, 11025
20815, 11125
20879, 11226
20815, 11326
20895, 11426
20815, 11528
20815, 11649
20863, 11749
20815, 11850
20815, 11951
20815, 12051
20927, 12151
20815, 12252
20815, 12353
20815, 12453
20799, 12554
20751, 12675
20815, 12776
20751, 12876
20751, 12977
20815, 13077
20815, 13177
20879, 13279
20815, 13379
20879, 13479
20815, 13580
20815, 13702
20751, 13802
20815, 13902
20879, 14003
20815, 14104
20799, 14204
20911, 14305
20927, 14405
20943, 14505
20815, 14607
20911, 14728
20815, 14828
20911, 14929
20943, 15030
20903, 15130
20895, 15230
20927, 15331
20815, 15432
20751, 15533
20815, 15633
20815, 15755
20815, 15855
20815, 15955
20751, 16056
20815, 16156
20879, 16258
20903, 16358
20815, 16458
20815, 16559
20911, 16659
20751, 16781
20863, 16881
20815, 16982
20815, 17083
20815, 17183
20799, 17284
20815, 17384
20799, 17484
20815, 17586
20815, 17686
20751, 17807
20927, 17908
20815, 18009
20863, 18109
20815, 18209
20815, 18310
20815, 18411
20751, 18511
20815, 18612
20879, 18712
20815, 18834
20751, 18934
20815, 19035
20815, 19135
20879, 19236
20799, 19337
20911, 19437
20815, 19537
20815, 19638
20751, 19739
20687, 19860
20815, 19960
20719, 20061
20863, 20162
20751, 20262
20863, 20363
20815, 20463
20815, 20564
20815, 20665
20815, 20765
20815, 20886
20799, 20987
20815, 21088
20751, 21188
20751, 21288
20751, 21389
20751, 21490
20863, 21591
20815, 21691
20911, 21791
20815, 21913
20751, 22013
20687, 22114
20815, 22214
20815, 22316
20815, 22416
20751, 22516
20815, 22617
20751, 22717
20751, 22818
20879, 22939
20863, 23040
20815, 23141
20751, 23241
20687, 23342
20783, 23442
20815, 23542
20879, 23644
20815, 23744
20815, 23844
20815, 23966
20879, 24067
20687, 24167
20799, 24267
20815, 24368
20719, 24469
20815, 24569
20751, 24670
20815, 24770
20911, 24870
20863, 24992
20815, 25093
20815, 25193
20783, 25294
20751, 25395
20815, 25495
20815, 25595
20751, 25696
20815, 25797
20751, 25897
20751, 26018
20815, 26120
20815, 26220
20879, 26320
20815, 26421
20687, 26521
20751, 26622
20751, 26723
20751, 26823
20815, 26924
20751, 27045
20751, 27146
20751, 27246
20879, 27346
20687, 27448
20895, 27548
20783, 27649
20815, 27749
20719, 27849
20815, 27951
20863, 28071
20815, 28172
20863, 28272
20815, 28374
20751, 28474
20687, 28574
20751, 28675
20751, 28776
20815, 28876
20863, 28977
20815, 29097
20751, 29199
20751, 29299
20687, 29400
20751, 29500
20815, 29600
20783, 29702
20815, 29802
20943, 29902
20815, 30003
20799, 30125
20815, 30225
20815, 30325
20799, 30426
20815, 30527
20815, 30627
20815, 30728
20815, 30828
20815, 30928
20863, 31030
20751, 31151
20751, 31251
20911, 31352
20687, 31453
20687, 31553
20751, 31653
20815, 31754
20751, 31855
20687, 31955
20751, 32056
20751, 32178
20815, 32278
20815, 32378
20687, 32479
20815, 32579
20719, 32680
20911, 32781
20799, 32881
20815, 32982
20815, 33082
20863, 33204
20815, 33304
20815, 33404
20687, 33506
20815, 33606
20815, 33707
20751, 33807
20815, 33907
20879, 34009
20751, 34109
20751, 34230
20751, 34331
20751, 34432
20903, 34532
20815, 34632
20815, 34733
20863, 34834
20863, 34934
20815, 35035
20863, 35135
20863, 35257
20687, 35357
20751, 35458
20751, 35558
20687, 35659
20815, 35760
20815, 35860
20783, 35960
20799, 36061
20815, 36162
20751, 36283
20815, 36383
20815, 36484
20863, 36585
20783, 36685
20943, 36786
20815, 36886
20815, 36987
20719, 37088
20751, 37188
20815, 37309
20815, 37410
20815, 37511
20751, 37611
20815, 37711
20911, 37812
20751, 37913
20687, 38013
20815, 38114
20751, 38214
20751, 38336
20751, 38436
20815, 38537
20815, 38637
20751, 38738
20815, 38839
20815, 38939
20815, 39040
20879, 39140
20751, 39241
20815, 39362
20751, 39462
20815, 39564
20671, 39664
20687, 39764
20863, 39865
20751, 39965
20751, 40067
20751, 40167
20815, 40267
20815, 40389
20815, 40489
20815, 40590
20751, 40690
20815, 40791
20863, 40892
20815, 40992
20751, 41093
20815, 41193
20895, 41293
20751, 41415
20863, 41516
20863, 41616
20751, 41717
20751, 41818
20815, 41918
20911, 42018
20751, 42119
20687, 42220
20751, 42320
20815, 42441
20815, 42543
20815, 42643
20815, 42743
20799, 42844
20799, 42944
20687, 43045
20815, 43146
20751, 43246
20735, 43346
20751, 43468
20815, 43569
20815, 43669
20687, 43769
20655, 43871
20815, 43971
20751, 44071
20815, 44172
20815, 44272
20687, 44374
20751, 44494
20751, 44595
20799, 44695
20751, 44796
20751, 44897
20815, 44997
20751, 45097
20751, 45199
20815, 45299
20815, 45400
20815, 45520
20815, 45622
20815, 45722
20815, 45822
20815, 45923
20815, 46023
20751, 46125
20751, 46225
20863, 46325
20719, 46426
20751, 46547
20863, 46648
20751, 46748
20687, 46849
20879, 46950
20799, 47050
20815, 47151
20687, 47251
20751, 47351
20751, 47453
20783, 47574
20751, 47674
20751, 47775
20751, 47876
20751, 47976
20799, 48076
20815, 48177
20815, 48278
20815, 48378
20751, 48479
20799, 48601
20815, 48701
20799, 48801
20751, 48902
20751, 49002
20815, 49103
20815, 49204
20815, 49304
20895, 49404
20751, 49505
20751, 49627
20751, 49727
20751, 49827
20751, 49929
20751, 50029
20815, 50129
20671, 50230
20751, 50330
20895, 50432
20687, 50532
20815, 50653
20751, 50754
20751, 50854
20687, 50955
20751, 51055
20751, 51155
20799, 51257
20799, 51357
20687, 51458
20815, 51558
20815, 51680
20815, 51780
20815, 51880
20815, 51981
20879, 52082
20687, 52183
20751, 52283
20751, 52383
20815, 52484
20751, 52585
20815, 52706
20687, 52806
20815, 52907
20815, 53008
20815, 53108
20751, 53209
20815, 53309
20815, 53410
20751, 53511
20751, 53611
20751, 53732
20815, 53833
20751, 53934
20751, 54034
20815, 54134
20751, 54235
20751, 54336
20751, 54436
20751, 54537
20815, 54637
20719, 54759
20799, 54859
20751, 54960
20751, 55060
20815, 55161
20719, 55262
20815, 55362
20751, 55462
20799, 55563
20751, 55664
20751, 55785
20751, 55885
20799, 55987
20751, 56087
20815, 56187
20751, 56288
20815, 56388
20815, 56489
20751, 56590
20815, 56690
20751, 56812
20751, 56912
20687, 57013
20751, 57113
20751, 57213
20815, 57315
20815, 57415
20751, 57516
20815, 57616
20687, 57716
20751, 57838
20751, 57938
20815, 58039
20751, 58140
20751, 58241
20751, 58341
20751, 58441
20815, 58542
20751, 58643
20687, 58743
20751, 58864
20815, 58966
20751, 59066
20751, 59166
20751, 59267
20751, 59367
20799, 59468
20879, 59569
20815, 59669
20815, 59769
20751, 59891
20815, 59992
20751, 60092
20815, 60192
20815, 60294
20815, 60394
20751, 60494
20799, 60595
20815, 60695
20751, 60796
20751, 60917
20815, 61018
20799, 61118
20815, 61219
20815, 61320
20751, 61420
20927, 61520
20751, 61622
20799, 61722
20863, 61822
20799, 61943
20815, 62045
20815, 62145
20751, 62245
20815, 62346
20751, 62446
20799, 62547
20799, 62648
20751, 62748
20815, 62849
20863, 62970
20879, 63071
20815, 63171
20911, 63271
20815, 63373
20751, 63473
20751, 63574
20863, 63674
20815, 63774
20863, 63876
20751, 63996
20671, 64097
20879, 64198
20815, 64299
20815, 64399
20815, 64499
20671, 64600
20815, 64701
20815, 64801
20815, 64902
20687, 65024
20687, 65124
20751, 65224
20815, 65325
20687, 65425
20943, 65526
20751, 91
20751, 191
20799, 291
20751, 392
20815, 514
20751, 614
20751, 714
20815, 815
20719, 915
20799, 1015
20719, 1116
20719, 1216
20687, 1317
20943, 1418
20687, 1539
20751, 1639
20863, 1740
20687, 1841
20815, 1941
20751, 2041
20751, 2142
20751, 2242
20783, 2343
20799, 2444
20943, 2565
20687, 2665
20751, 2765
20687, 2867
20751, 2967
20751, 3067
20863, 3168
20863, 3268
20815, 3368
20751, 3470
20751, 3591
20751, 3691
20751, 3791
20815, 3893
20559, 3993
20911, 4093
20815, 4194
20799, 4294
20903, 4395
20879, 4496
20751, 4617
20751, 4717
20783, 4817
20751, 4919
20863, 5019
20815, 5120
20911, 5220
20815, 5320
20751, 5421
20815, 5522
20687, 5643
20799, 5743
20815, 5843
20815, 5944
20671, 6045
20751, 6146
20751, 6246
20687, 6346
20815, 6447
20687, 6547
20687, 6669
20751, 6769
20671, 6870
20815, 6970
20639, 7071
20815, 7172
20751, 7272
20751, 7372
20687, 7473
20751, 7573
20751, 7695
20751, 7795
20911, 7896
20751, 7996
20751, 8097
20687, 8198
20751, 8298
20751, 8398
20815, 8499
20751, 8599
20751, 8721
20751, 8821
20719, 8922
20751, 9022
20799, 9122
20719, 9224
20815, 9324
20815, 9424
20687, 9525
20815, 9625
20687, 9747
20799, 9847
20815, 9948
20799, 10048
20815, 10148
20751, 10250
20635, 10350
20815, 10450
20943, 10551
20815, 10652
20751, 10773
20815, 10873
20751, 10974
20719, 11075
20799, 11175
20815, 11276
20751, 11376
20687, 11476
20815, 11578
20735, 11678
20799, 11799
20751, 11900
20751, 12001
20815, 12101
20751, 12201
20687, 12302
20815, 12403
20671, 12504
20751, 12604
20687, 12704
20751, 12826
20879, 12926
20751, 13027
20751, 13127
20911, 13229
20687, 13329
20687, 13429
20815, 13530
20751, 13630
20815, 13731
20815, 13852
20815, 13953
20751, 14054
20687, 14154
20751, 14255
20751, 14355
20943, 14455
20911, 14557
20815, 14657
20799, 14757
20815, 14879
20687, 14980
20687, 15080
20815, 15180
20687, 15281
20671, 15382
20815, 15482
20671, 15583
20815, 15683
20719, 15783
20655, 15905
20751, 16006
20751, 16106
20815, 16207
20751, 16308
20671, 16408
20815, 16508
20751, 16609
20559, 16710
20687, 16811
20751, 16931
20815, 17033
20863, 17133
20751, 17233
20815, 17334
20687, 17434
20751, 17536
20751, 17636
20751, 17736
20687, 17837
20687, 17958
20751, 18059
20815, 18159
20815, 18259
20815, 18361
20687, 18461
20751, 18562
20751, 18662
20815, 18762
20751, 18864
20815, 18984
20815, 19085
20815, 19185
20815, 19287
20783, 19387
20815, 19487
20751, 19588
20751, 19689
20815, 19789
20751, 19890
20815, 20011
20815, 20112
20815, 20212
20751, 20313
20687, 20413
20751, 20513
20735, 20615
20815, 20715
20687, 20815
20751, 20916
20815, 21038
20751, 21138
20815, 21238
20783, 21339
20751, 21440
20751, 21540
20751, 21641
20799, 21741
20751, 21841
20687, 21943
20751, 22064
20815, 22164
20815, 22265
20751, 22366
20815, 22466
20719, 22566
20815, 22667
20815, 22768
20815, 22868
20687, 22969
20687, 23091
20799, 23191
20815, 23291
20751, 23392
20751, 23492
20687, 23593
20687, 23694
20751, 23794
20751, 23895
20815, 23995
20751, 24117
20799, 24217
20751, 24317
20751, 24419
20815, 24519
20751, 24620
20751, 24720
20815, 24820
20815, 24922
20815, 25022
20815, 25143
20751, 25244
20751, 25345
20687, 25445
20815, 25545
20751, 25646
20687, 25747
20751, 25847
20815, 25948
20687, 26048
20719, 26170
20751, 26270
20687, 26371
20751, 26471
20687, 26572
20687, 26673
20751, 26773
20751, 26873
20671, 26974
20751, 27075
20751, 27196
20751, 27296
20751, 27397
20815, 27498
20751, 27598
20751, 27699
20751, 27799
20815, 27900
20815, 28001
20751, 28101
20815, 28222
20687, 28323
20687, 28424
20799, 28524
20751, 28624
20751, 28725
20799, 28826
20751, 28926
20751, 29027
20751, 29127
20719, 29249
20751, 29349
20751, 29450
20751, 29550
20815, 29651
20751, 29752
20751, 29852
20751, 29953
20719, 30053
20799, 30154
20687, 30275
20815, 30375
20751, 30477
20783, 30577
20751, 30678
20751, 30778
20751, 30878
20799, 30980
20735, 31080
20687, 31180
20687, 31302
20751, 31403
20799, 31503
20719, 31603
20719, 31704
20751, 31805
20655, 31905
20687, 32006
20687, 32106
20687, 32206
20799, 32328
20719, 32429
20783, 32529
20751, 32630
20751, 32731
20751, 32831
20751, 32931
20751, 33032
20751, 33133
20751, 33233
20687, 33354
20751, 33456
20751, 33556
20687, 33656
20799, 33757
20815, 33857
20815, 33958
20719, 34059
20751, 34159
20751, 34259
20751, 34381
20815, 34482
20751, 34582
20815, 34682
20783, 34784
20719, 34884
20719, 34984
20799, 35085
20687, 35185
20687, 35287
20751, 35407
20815, 35508
20751, 35608
20719, 35709
20687, 35810
20815, 35910
20751, 36011
20799, 36112
20751, 36212
20815, 36313
20639, 36433
20751, 36535
20799, 36635
20687, 36736
20671, 36836
20687, 36936
20719, 37038
20751, 37138
20751, 37238
20751, 37339
20815, 37460
20751, 37561
20751, 37661
20751, 37762
20687, 37863
20751, 37963
20751, 38064
20751, 38164
20751, 38264
20687, 38366
20751, 38487
20815, 38587
20751, 38688
20751, 38789
20751, 38889
20751, 38989
20687, 39090
20687, 39191
20815, 39291
20815, 39392
20751, 39514
20687, 39614
20687, 39714
20687, 39815
20751, 39915
20687, 40016
20687, 40117
20799, 40217
20687, 40317
20751, 40418
20815, 40540
20751, 40640
20799, 40740
20671, 40842
20751, 40942
20687, 41042
20687, 41143
20783, 41243
20751, 41345
20751, 41445
20687, 41566
20751, 41667
20687, 41767
20719, 41868
20751, 41968
20751, 42068
20719, 42170
20687, 42270
20751, 42371
20799, 42471
20719, 42593
20687, 42693
20687, 42793
20879, 42894
20751, 42995
20751, 43096
20751, 43196
20751, 43296
20751, 43397
20687, 43498
20751, 43619
20751, 43719
20687, 43821
20687, 43921
20815, 44021
20815, 44122
20687, 44222
20687, 44323
20671, 44424
20751, 44524
20719, 44646
20687, 44746
20799, 44847
20687, 44947
20751, 45047
20687, 45149
20687, 45249
20799, 45349
20751, 45450
20687, 45550
20719, 45672
20799, 45772
20815, 45873
20687, 45974
20815, 46074
20671, 46175
20687, 46275
20799, 46375
20751, 46477
20655, 46577
20687, 46698
20751, 46799
20719, 46900
20687, 47000
20719, 47100
20719, 47201
20751, 47302
20687, 47403
20751, 47503
20751, 47603
20687, 47725
20815, 47825
20751, 47926
20687, 48026
20719, 48128
20687, 48228
20799, 48328
20751, 48429
20687, 48529
20751, 48630
20751, 48751
20687, 48851
20751, 48952
20799, 49053
20751, 49154
20687, 49254
20751, 49354
20751, 49456
20735, 49556
20799, 49656
20751, 49777
20655, 49879
20687, 49979
20799, 50079
20687, 50180
20751, 50280
20687, 50381
20751, 50482
20815, 50582
20751, 50682
20735, 50804
20751, 50905
20815, 51005
20719, 51105
20719, 51207
20751, 51307
20735, 51407
20751, 51508
20751, 51608
20719, 51709
20687, 51830
20687, 51931
20751, 52032
20719, 52132
20671, 52233
20751, 52333
20687, 52433
20751, 52535
20687, 52635
20687, 52736
20751, 52857
20671, 52958
20815, 53058
20751, 53158
20751, 53259
20687, 53360
20783, 53460
20751, 53561
20751, 53661
20751, 53762
20751, 53883
20751, 53984
20687, 54084
20687, 54185
20687, 54286
20751, 54386
20751, 54487
20687, 54587
20751, 54688
20751, 54789
20687, 54909
20687, 55011
20751, 55111
20687, 55212
20719, 55312
20687, 55412
20687, 55514
20687, 55614
20751, 55714
20687, 55815
20735, 55937
20815, 56037
20751, 56137
20687, 56238
20751, 56339
20687, 56439
20719, 56540
20751, 56640
20687, 56740
20687, 56842
20751, 56963
20751, 57063
20735, 57163
20751, 57265
20687, 57365
20751, 57465
20815, 57566
20751, 57667
20751, 57767
20751, 57868
20687, 57989
20639, 58090
20687, 58190
20687, 58291
20751, 58391
20687, 58492
20719, 58593
20687, 58693
20687, 58793
20687, 58894
20751, 59016
20671, 59116
20735, 59216
20671, 59317
20751, 59418
20671, 59518
20687, 59619
20751, 59719
20751, 59820
20687, 59921
20751, 60042
20639, 60142
20799, 60243
20751, 60344
20687, 60444
20687, 60545
20687, 60645
20687, 60746
20751, 60847
20719, 60947
20751, 61069
20687, 61169
20751, 61270
20735, 61370
20631, 61470
20687, 61572
20687, 61672
20751, 61772
20751, 61873
20751, 61974
20687, 62095
20687, 62195
20751, 62296
20815, 62397
20815, 62497
20799, 62598
20751, 62698
20751, 62798
20751, 62900
20751, 63000
20815, 63121
20751, 63222
20719, 63323
20735, 63423
20687, 63523
20687, 63624
20751, 63725
20751, 63825
20815, 63926
20719, 64026
20799, 64148
20751, 64248
20751, 64349
20687, 64449
20751, 64550
20671, 64651
20751, 64751
20751, 64851
20815, 64952
20751, 65053
20751, 65174
20719, 65274
20687, 65376
20735, 65476
20751, 40
20687, 141
20751, 241
20799, 342
20799, 442
20751, 543
20815, 664
20751, 764
20751, 865
20687, 965
20687, 1065
20751, 1167
20655, 1267
20815, 1368
20687, 1468
20687, 1568
20751, 1690
20735, 1790
20815, 1891
20815, 1991
20751, 2092
20751, 2192
20815, 2293
20751, 2394
20751, 2494
20687, 2594
20687, 2716
20687, 2817
20735, 2917
20751, 3017
20799, 3118
20799, 3218
20815, 3319
20815, 3420
20687, 3520
20751, 3620
20751, 3742
20815, 3843
20751, 3943
20751, 4043
20751, 4144
20687, 4244
20751, 4345
20799, 4446
20687, 4546
20687, 4646
20751, 4767
20687, 4869
20751, 4969
20751, 5069
20751, 5170
20863, 5270
20751, 5370
20687, 5472
20751, 5572
20687, 5672
20751, 5793
20687, 5895
20751, 5995
20687, 6095
20815, 6196
20687, 6296
20751, 6396
20799, 6498
20751, 6598
20719, 6699
20799, 6819
20735, 6921
20687, 7021
20751, 7121
20687, 7222
20751, 7322
20687, 7422
20735, 7524
20799, 7624
20687, 7725
20687, 7845
20751, 7946
20687, 8047
20815, 8147
20751, 8248
20687, 8348
20655, 8449
20687, 8549
20815, 8650
20687, 8751
20687, 8871
20719, 8972
20751, 9073
20751, 9174
20751, 9274
20751, 9374
20687, 9475
20687, 9575
20671, 9676
20687, 9777
20655, 9897
20719, 9998
20687, 10099
20687, 10200
20687, 10300
20751, 10400
20735, 10501
20751, 10602
20639, 10702
20751, 10803
20799, 10925
20687, 11025
20751, 11125
20671, 11226
20751, 11326
20687, 11427
20751, 11528
20687, 11628
20815, 11728
20815, 11829
20687, 11951
20799, 12051
20751, 12151
20655, 12253
20751, 12353
20687, 12453
20751, 12554
20687, 12654
20751, 12755
20815, 12856
20815, 12977
20687, 13077
20751, 13178
20687, 13279
20751, 13379
20687, 13479
20687, 13581
20751, 13681
20751, 13782
20751, 13882
20751, 14004
20655, 14104
20735, 14204
20687, 14305
20735, 14405
20687, 14507
20751, 14607
20655, 14707
20687, 14808
20815, 14909
20687, 15030
20687, 15130
20815, 15230
20751, 15332
20751, 15432
20751, 15533
20671, 15633
20751, 15733
20687, 15835
20687, 15935
20751, 16056
20687, 16157
20687, 16258
20719, 16358
20751, 16458
20815, 16559
20655, 16660
20751, 16760
20687, 16861
20815, 16961
20751, 17083
20687, 17183
20687, 17284
20751, 17384
20751, 17485
20799, 17586
20687, 17686
20687, 17786
20687, 17887
20687, 17988
20687, 18109
20751, 18209
20655, 18311
20751, 18411
20751, 18511
20687, 18612
20687, 18712
20687, 18813
20687, 18914
20815, 19014
20751, 19136
20687, 19236
20687, 19337
20687, 19437
20815, 19537
20783, 19639
20751, 19739
20751, 19840
20751, 19940
20687, 20040
20655, 20162
20687, 20262
20671, 20363
20751, 20464
20815, 20564
20719, 20665
20815, 20765
20751, 20866
20799, 20967
20687, 21067
20687, 21188
20687, 21289
20719, 21390
20687, 21490
20687, 21591
20751, 21691
20687, 21792
20719, 21893
20799, 21993
20671, 22093
20751, 22215
20751, 22316
20815, 22416
20751, 22516
20687, 22618
20687, 22718
20751, 22818
20687, 22919
20687, 23019
20751, 23120
20751, 23241
20751, 23342
20719, 23442
20687, 23543
20559, 23644
20751, 23744
20687, 23844
20687, 23946
20751, 24046
20719, 24146
20687, 24267
20495, 24369
20687, 24469
20751, 24569
20687, 24670
20687, 24770
20671, 24871
20719, 24972
20687, 25072
20751, 25172
20639, 25294
20631, 25395
20735, 25495
20639, 25595
20751, 25697
20751, 25797
20687, 25897
20719, 25998
20799, 26098
20687, 26200
20751, 26320
20799, 26421
20671, 26522
20719, 26622
20687, 26723
20815, 26823
20815, 26924
20815, 27025
20751, 27125
20815, 27226
20751, 27347
20671, 27448
20751, 27548
20639, 27649
20687, 27749
20655, 27850
20559, 27951
20735, 28051
20815, 28151
20687, 28252
20687, 28374
20687, 28474
20815, 28574
20815, 28676
20687, 28776
20687, 28876
20687, 28977
20815, 29077
20815, 29178
20815, 29279
20751, 29400
20655, 29501
20751, 29601
20687, 29702
20687, 29802
20655, 29902
20751, 30004
20751, 30104
20719, 30204
20815, 30305
20751, 30427
20751, 30527
20751, 30627
20751, 30728
20687, 30829
20687, 30929
20751, 31030
20751, 31130
20687, 31230
20751, 31332
20687, 31453
20751, 31553
20751, 31653
20687, 31755
20687, 31855
20687, 31955
20631, 32056
20687, 32157
20687, 32258
20751, 32358
20687, 32479
20671, 32580
20687, 32680
20687, 32781
20687, 32881
20751, 32983
20655, 33083
20751, 33183
20687, 33284
20687, 33384
20687, 33506
20671, 33606
20687, 33707
20751, 33807
20687, 33908
20687, 34009
20687, 34109
20751, 34209
20687, 34310
20815, 34411
20719, 34532
20687, 34632
20751, 34734
20751, 34834
20687, 34934
20751, 35035
20751, 35135
20631, 35236
20751, 35337
20735, 35437
20815, 35559
20815, 35659
20687, 35760
20687, 35860
20687, 35960
20751, 36062
20751, 36162
20639, 36262
20687, 36363
20687, 36463
20751, 36585
20751, 36685
20671, 36786
20687, 36887
20687, 36987
20751, 37088
20655, 37188
20815, 37288
20687, 37390
20687, 37490
20687, 37611
20751, 37712
20655, 37813
20687, 37913
20687, 38013
20799, 38114
20815, 38215
20687, 38316
20687, 38416
20751, 38516
20751, 38638
20815, 38738
20687, 38839
20687, 38939
20687, 39041
20751, 39141
20719, 39241
20687, 39342
20687, 39442
20751, 39543
20687, 39664
20719, 39764
20687, 39866
20687, 39966
20687, 40067
20687, 40167
20639, 40267
20671, 40369
20719, 40469
20687, 40569
20687, 40690
20687, 40792
20687, 40892
20687, 40992
20687, 41093
20687, 41193
20687, 41294
20671, 41395
20751, 41495
20671, 41595
20815, 41717
20751, 41818
20687, 41918
20639, 42018
20655, 42120
20687, 42220
20751, 42320
20751, 42421
20719, 42521
20719, 42622
20687, 42743
20655, 42844
20799, 42945
20751, 43045
20751, 43146
20751, 43246
20751, 43346
20687, 43448
20783, 43548
20671, 43649
20687, 43770
20687, 43871
20687, 43971
20687, 44071
20655, 44172
20751, 44273
20687, 44374
20687, 44474
20687, 44574
20687, 44675
20751, 44796
20687, 44897
20687, 44997
20751, 45099
20751, 45199
20671, 45299
20751, 45400
20751, 45500
20687, 45601
20719, 45702
20719, 45822
20687, 45924
20671, 46024
20655, 46125
20671, 46225
20655, 46325
20687, 46427
20719, 46527
20687, 46627
20687, 46728
20687, 46850
20687, 46950
20639, 47050
20687, 47151
20687, 47252
20751, 47352
20639, 47453
20735, 47553
20751, 47653
20687, 47755
20687, 47876
20815, 47976
20751, 48077
20751, 48178
20687, 48278
20639, 48378
20751, 48479
20687, 48580
20687, 48680
20687, 48781
20671, 48902
20719, 49003
20687, 49103
20687, 49204
20687, 49304
20639, 49404
20671, 49506
20671, 49606
20655, 49707
20687, 49807
20687, 49929
20671, 50029
20751, 50129
20639, 50230
20639, 50331
20687, 50432
20687, 50532
20687, 50632
20559, 50733
20687, 50834
20735, 50955
20751, 51055
20687, 51156
20687, 51257
20639, 51357
20671, 51458
20687, 51558
20687, 51659
20687, 51760
20639, 51860
20687, 51982
20687, 52082
20559, 52183
20639, 52283
20631, 52383
20687, 52485
20639, 52585
20687, 52685
20751, 52786
20671, 52886
20671, 53008
20719, 53108
20671, 53209
20559, 53310
20687, 53410
20655, 53511
20687, 53611
20687, 53711
20687, 53813
20751, 53913
20687, 54034
20687, 54135
20751, 54236
20687, 54336
20687, 54436
20687, 54537
20639, 54638
20687, 54738
20655, 54839
20671, 54939
20639, 55061
20671, 55161
20751, 55262
20751, 55362
20687, 55463
20719, 55564
20687, 55664
20671, 55764
20671, 55865
20639, 55966
20687, 56087
20719, 56187
20687, 56289
20655, 56389
20751, 56489
20687, 56590
20687, 56690
20671, 56792
20735, 56892
20687, 56992
20687, 57113
20751, 57214
20639, 57315
20687, 57415
20687, 57516
20639, 57616
20687, 57717
20687, 57818
20719, 57918
20687, 58018
20671, 58140
20751, 58241
20687, 58341
20751, 58441
20751, 58543
20639, 58643
20687, 58743
20687, 58844
20671, 58944
20687, 59045
20559, 59166
20687, 59267
20751, 59368
20751, 59468
20799, 59569
20751, 59669
20687, 59769
20687, 59871
20687, 59971
20639, 60071
20687, 60193
20671, 60294
20687, 60394
20687, 60494
20655, 60595
20687, 60696
20687, 60796
20687, 60897
20687, 60997
20687, 61097
20687, 61219
20631, 61320
20687, 61420
20687, 61521
20687, 61622
20687, 61722
20671, 61822
20687, 61923
20671, 62024
20719, 62125
20687, 62245
20687, 62347
20639, 62447
20687, 62547
20687, 62648
20671, 62748
20687, 62850
20655, 62950
20671, 63050
20751, 63151
20655, 63272
20751, 63373
20687, 63473
20687, 63574
20671, 63675
20559, 63775
20639, 63876
20751, 63976
20687, 64076
20687, 64178
20687, 64299
20751, 64399
20751, 64500
20671, 64601
20687, 64701
20687, 64801
20655, 64902
20751, 65003
20687, 65103
20815, 65204
20687, 65326
20655, 65426
20687, 65526
20671, 91
20559, 191
20687, 291
20639, 392
20655, 493
20687, 593
20639, 694
20687, 815
20631, 915
20687, 1015
20687, 1117
20687, 1217
20687, 1317
20687, 1418
20687, 1518
20687, 1618
20671, 1720
20687, 1841
20639, 1941
20559, 2041
20671, 2143
20719, 2243
20687, 2343
20687, 2444
20655, 2544
20719, 2644
20687, 2746
20751, 2867
20687, 2967
20687, 3067
20687, 3169
20687, 3269
20751, 3369
20735, 3470
20751, 3570
20687, 3671
20687, 3771
20687, 3893
20687, 3993
20687, 4093
20687, 4194
20751, 4295
20799, 4396
20671, 4496
20671, 4596
20631, 4697
20671, 4797
20751, 4919
20671, 5019
20639, 5120
20687, 5220
20635, 5321
20671, 5422
20687, 5522
20639, 5622
20687, 5723
20639, 5823
20687, 5945
20671, 6045
20559, 6146
20719, 6246
20559, 6346
20639, 6448
20687, 6548
20639, 6648
20631, 6749
20719, 6849
20687, 6971
20671, 7071
20671, 7172
20751, 7272
20687, 7372
20687, 7474
20687, 7574
20687, 7674
20687, 7775
20687, 7875
20655, 7997
20687, 8097
20687, 8198
20671, 8298
20631, 8398
20751, 8500
20751, 8600
20687, 8700
20631, 8801
20687, 8901
20671, 9023
20655, 9123
20687, 9224
20687, 9324
20719, 9424
20671, 9525
20687, 9626
20671, 9726
20671, 9827
20687, 9927
20751, 10049
20635, 10149
20751, 10250
20671, 10350
20687, 10450
20639, 10552
20687, 10652
20671, 10753
20639, 10853
20631, 10953
20671, 11075
20671, 11175
20671, 11276
20687, 11377
20671, 11478
20639, 11578
20687, 11678
20687, 11779
20687, 11880
20687, 11980
20655, 12101
20639, 12203
20687, 12303
20687, 12403
20671, 12504
20639, 12604
20639, 12705
20719, 12806
20687, 12906
20671, 13006
20671, 13128
20687, 13229
20687, 13329
20751, 13429
20687, 13531
20671, 13631
20559, 13731
20687, 13832
20719, 13932
20655, 14033
20719, 14154
20687, 14255
20687, 14355
20719, 14456
20655, 14557
20687, 14657
20687, 14757
20687, 14859
20671, 14959
20671, 15059
20687, 15180
20751, 15282
20719, 15382
20687, 15482
20687, 15583
20687, 15683
20687, 15784
20559, 15885
20559, 15985
20639, 16086
20687, 16207
20639, 16308
20671, 16408
20559, 16508
20639, 16610
20671, 16710
20719, 16811
20655, 16911
20635, 17011
20687, 17113
20687, 17233
20687, 17334
20671, 17435
20631, 17536
20687, 17636
20687, 17736
20751, 17837
20559, 17938
20719, 18038
20751, 18139
20687, 18260
20671, 18361
20639, 18461
20639, 18562
20735, 18662
20635, 18763
20687, 18864
20671, 18964
20687, 19064
20687, 19165
20639, 19287
20687, 19387
20751, 19487
20631, 19589
20559, 19689
20559, 19789
20655, 19890
20687, 19990
20655, 20091
20655, 20192
20559, 20313
20671, 20414
20719, 20514
20687, 20615
20687, 20715
20635, 20815
20687, 20917
20495, 21017
20671, 21117
20671, 21218
20687, 21340
20687, 21440
20639, 21540
20687, 21641
20671, 21742
20559, 21842
20687, 21943
20687, 22043
20671, 22144
20687, 22245
20687, 22366
20639, 22466
20639, 22566
20671, 22668
20639, 22768
20687, 22868
20639, 22969
20671, 23070
20655, 23171
20639, 23271
20671, 23392
20687, 23493
20687, 23593
20687, 23694
20655, 23794
20719, 23896
20687, 23996
20687, 24096
20719, 24197
20655, 24297
20671, 24419
20687, 24519
20687, 24620
20687, 24720
20751, 24821
20687, 24922
20687, 25022
20687, 25122
20655, 25223
20751, 25324
20687, 25445
20687, 25545
20559, 25647
20687, 25747
20687, 25847
20719, 25948
20687, 26048
20655, 26149
20687, 26250
20631, 26350
20635, 26472
20687, 26572
20687, 26673
20687, 26773
20687, 26873
20559, 26975
20687, 27075
20719, 27175
20655, 27276
20671, 27376
20687, 27498
20687, 27598
20639, 27699
20639, 27800
20687, 27900
20687, 28001
20687, 28101
20687, 28201
20639, 28303
20751, 28403
20655, 28524
20687, 28625
20751, 28726
20655, 28826
20687, 28926
20671, 29027
20687, 29128
20655, 29229
20655, 29329
20687, 29429
20687, 29551
20639, 29651
20559, 29752
20655, 29852
20655, 29954
20635, 30054
20639, 30154
20655, 30255
20631, 30355
20687, 30456
20639, 30577
20639, 30678
20719, 30778
20671, 30879
20655, 30980
20631, 31080
20671, 31180
20559, 31282
20751, 31382
20687, 31482
20639, 31603
20687, 31705
20559, 31805
20687, 31905
20639, 32006
20655, 32106
20687, 32207
20687, 32308
20687, 32408
20687, 32508
20655, 32630
20671, 32731
20687, 32831
20687, 32931
20559, 33033
20671, 33133
20687, 33233
20671, 33334
20671, 33434
20687, 33536
20687, 33656
20559, 33757
20559, 33858
20687, 33958
20687, 34059
20559, 34159
20559, 34259
20559, 34361
20495, 34461
20687, 34562
20639, 34683
20671, 34784
20751, 34884
20671, 34984
20687, 35085
20687, 35186
20687, 35287
20687, 35387
20687, 35487
20687, 35588
20687, 35709
20751, 35810
20687, 35910
20655, 36012
20671, 36112
20639, 36212
20559, 36313
20671, 36413
20687, 36514
20687, 36615
20719, 36736
20559, 36837
20751, 36937
20687, 37038
20671, 37138
20687, 37238
20635, 37340
20559, 37440
20655, 37540
20639, 37641
20687, 37763
20671, 37863
20687, 37963
20639, 38064
20687, 38165
20687, 38265
20655, 38366
20559, 38466
20655, 38566
20655, 38668
20655, 38789
20751, 38889
20639, 38990
20655, 39091
20687, 39191
20671, 39291
20559, 39392
20635, 39493
20687, 39593
20687, 39694
20655, 39815
20655, 39916
20687, 40016
20687, 40117
20687, 40217
20655, 40317
20559, 40419
20687, 40519
20559, 40620
20687, 40720
20559, 40842
20687, 40942
20687, 41042
20687, 41143
20687, 41244
20655, 41345
20655, 41445
20671, 41545
20639, 41646
20687, 41747
20687, 41868
20631, 41968
20687, 42070
20639, 42170
20655, 42270
20687, 42371
20655, 42471
20559, 42572
20687, 42673
20687, 42773
20687, 42895
20655, 42995
20655, 43096
20687, 43196
20671, 43296
20719, 43398
20559, 43498
20671, 43598
20631, 43699
20751, 43799
20671, 43921
20671, 44021
20559, 44122
20687, 44223
20687, 44323
20687, 44424
20655, 44524
20687, 44624
20687, 44726
20671, 44826
20687, 44947
20655, 45048
20559, 45149
20671, 45249
20687, 45349
20687, 45450
20655, 45551
20687, 45651
20639, 45752
20559, 45852
20655, 45974
20687, 46074
20687, 46175
20687, 46275
20671, 46376
20751, 46477
20687, 46577
20639, 46678
20639, 46778
20559, 46879
20671, 47000
20671, 47100
20655, 47201
20751, 47302
20559, 47403
20559, 47503
20655, 47603
20495, 47705
20687, 47805
20655, 47905
20559, 48026
20671, 48128
20639, 48228
20687, 48328
20559, 48429
20671, 48529
20687, 48630
20559, 48731
20687, 48831
20559, 48931
20559, 49053
20687, 49154
20559, 49254
20687, 49354
20687, 49456
20687, 49556
20687, 49656
20671, 49757
20687, 49857
20559, 49958
20671, 50079
20687, 50180
20559, 50281
20559, 50381
20639, 50482
20631, 50582
20639, 50682
20559, 50784
20559, 50884
20687, 50984
20559, 51106
20671, 51207
20639, 51307
20687, 51407
20639, 51508
20687, 51609
20639, 51709
20671, 51810
20687, 51910
20639, 52011
20559, 52132
20671, 52233
20559, 52333
20559, 52434
20687, 52535
20655, 52635
20687, 52736
20639, 52836
20655, 52937
20639, 53038
20639, 53158
20687, 53260
20495, 53360
20639, 53460
20559, 53561
20635, 53661
20639, 53763
20671, 53863
20655, 53963
20559, 54064
20671, 54185
20671, 54286
20559, 54386
20495, 54487
20655, 54588
20635, 54688
20559, 54789
20635, 54889
20687, 54989
20687, 55091
20687, 55212
20687, 55312
20639, 55413
20687, 55514
20671, 55614
20671, 55714
20639, 55815
20559, 55916
20559, 56016
20671, 56117
20687, 56238
20671, 56339
20495, 56439
20559, 56540
20559, 56640
20687, 56740
20559, 56842
20687, 56942
20639, 57042
20639, 57143
20655, 57265
20655, 57365
20687, 57465
20639, 57566
20671, 57667
20687, 57767
20655, 57868
20559, 57968
20655, 58068
20687, 58170
20559, 58291
20639, 58391
20559, 58492
20495, 58593
20559, 58693
20559, 58793
20687, 58894
20687, 58995
20671, 59096
20687, 59196
20559, 59318
20559, 59418
20559, 59518
20559, 59619
20671, 59719
20671, 59821
20671, 59921
20495, 60021
20655, 60122
20687, 60223
20495, 60344
20687, 60444
20559, 60545
20631, 60646
20495, 60746
20687, 60847
20559, 60947
20559, 61047
20559, 61149
20559, 61249
20559, 61370
20639, 61471
20639, 61572
20559, 61672
20495, 61772
20655, 61873
20655, 61974
20495, 62074
20671, 62175
20671, 62275
20559, 62397
20559, 62497
20655, 62598
20687, 62698
20655, 62799
20671, 62900
20671, 63000
20655, 63100
20719, 63201
20751, 63302
20655, 63423
20687, 63523
20671, 63625
20671, 63725
20631, 63825
20751, 63926
20671, 64026
20687, 64128
20639, 64228
20655, 64328
20495, 64450
20655, 64550
20559, 64651
20559, 64751
20639, 64851
20559, 64953
20671, 65053
20687, 65154
20639, 65254
20559, 65354
20719, 65476
20559, 40
20671, 141
20655, 241
20687, 342
20639, 443
20639, 543
20639, 644
20639, 744
20671, 844
20671, 965
20655, 1067
20559, 1167
20671, 1267
20671, 1368
20655, 1468
20639, 1568
20631, 1670
20639, 1770
20655, 1870
20639, 1991
20687, 2092
20671, 2193
20559, 2293
20671, 2394
20559, 2494
20687, 2594
20639, 2695
20639, 2796
20639, 2896
20671, 3017
20687, 3118
20687, 3219
20639, 3319
20559, 3420
20687, 3520
20559, 3620
20639, 3721
20687, 3822
20495, 3922
20639, 4043
20687, 4144
20639, 4244
20559, 4345
20639, 4446
20687, 4546
20671, 4646
20559, 4747
20495, 4847
20559, 4948
20559, 5069
20655, 5170
20671, 5270
20639, 5371
20655, 5472
20639, 5572
20687, 5672
20635, 5773
20631, 5873
20687, 5975
20631, 6095
20559, 6196
20559, 6296
20639, 6397
20751, 6498
20495, 6598
20751, 6699
20687, 6799
20671, 6899
20687, 7001
20495, 7121
20687, 7222
20559, 7322
20687, 7424
20655, 7524
20559, 7624
20671, 7725
20687, 7825
20687, 7925
20655, 8026
20639, 8147
20671, 8248
20655, 8348
20687, 8449
20559, 8550
20687, 8650
20495, 8751
20687, 8851
20687, 8951
20687, 9052
20559, 9174
20687, 9274
20655, 9374
20687, 9475
20751, 9576
20559, 9676
20671, 9777
20655, 9877
20639, 9977
20631, 10078
20687, 10200
20751, 10300
20671, 10400
20631, 10502
20687, 10602
20639, 10702
20631, 10803
20655, 10903
20655, 11004
20559, 11105
20639, 11226
20671, 11326
20671, 11427
20671, 11528
20635, 11628
20687, 11728
20631, 11830
20687, 11930
20687, 12030
20687, 12131
20687, 12253
20687, 12353
20639, 12453
20635, 12554
20671, 12654
20559, 12755
20559, 12856
20655, 12956
20495, 13057
20639, 13158
20687, 13279
20687, 13379
20559, 13479
20671, 13581
20655, 13681
20655, 13782
20639, 13882
20671, 13982
20639, 14084
20639, 14184
20687, 14305
20559, 14406
20559, 14507
20687, 14607
20655, 14707
20655, 14808
20639, 14909
20559, 15009
20495, 15110
20559, 15210
20687, 15332
20639, 15432
20687, 15533
20495, 15633
20559, 15734
20639, 15835
20639, 15935
20687, 16035
20687, 16136
20687, 16237
20655, 16358
20639, 16458
20639, 16560
20655, 16660
20639, 16760
20687, 16861
20671, 16961
20639, 17062
20639, 17163
20671, 17263
20631, 17385
20495, 17485
20655, 17586
20671, 17686
20655, 17786
20639, 17888
20559, 17988
20495, 18088
20495, 18189
20559, 18289
20559, 18411
20495, 18511
20559, 18612
20639, 18713
20655, 18813
20495, 18914
20655, 19014
20639, 19115
20559, 19216
20559, 19316
20671, 19437
20559, 19538
20559, 19639
20495, 19739
20631, 19840
20671, 19940
20751, 20041
20559, 20142
20655, 20242
20655, 20342
20655, 20464
20559, 20564
20631, 20665
20655, 20765
20495, 20866
20495, 20967
20559, 21067
20559, 21168
20559, 21268
20687, 21369
20559, 21490
20639, 21591
20495, 21691
20559, 21792
20655, 21893
20639, 21993
20671, 22093
20631, 22194
20559, 22295
20495, 22395
20559, 22516
20639, 22618
20639, 22718
20639, 22818
20631, 22919
20559, 23019
20639, 23120
20559, 23221
20631, 23321
20559, 23421
20559, 23543
20671, 23644
20559, 23744
20655, 23844
20559, 23946
20639, 24046
20495, 24146
20559, 24247
20655, 24347
20639, 24449
20559, 24569
20671, 24670
20559, 24771
20671, 24871
20655, 24972
20631, 25072
20687, 25172
20559, 25274
20559, 25374
20719, 25475
20639, 25596
20559, 25697
20559, 25797
20495, 25897
20639, 25998
20655, 26099
20639, 26200
20495, 26300
20559, 26400
20559, 26501
20559, 26622
20655, 26723
20655, 26823
20495, 26925
20631, 27025
20655, 27125
20559, 27226
20559, 27326
20559, 27427
20559, 27528
20639, 27649
20687, 27749
20671, 27850
20655, 27951
20671, 28051
20559, 28151
20559, 28253
20639, 28353
20559, 28453
20655, 28554
20495, 28676
20559, 28776
20639, 28876
20655, 28977
20559, 29077
20495, 29178
20495, 29279
20687, 29379
20639, 29479
20559, 29581
20559, 29702
20495, 29802
20559, 29902
20559, 30004
20655, 30104
20559, 30204
20639, 30305
20655, 30405
20559, 30507
20639, 30607
20639, 30728
20559, 30829
20631, 30929
20631, 31030
20639, 31130
20655, 31230
20687, 31332
20559, 31432
20671, 31533
20559, 31633
20671, 31755
20671, 31855
20639, 31955
20559, 32056
20639, 32157
20495, 32258
20495, 32358
20655, 32458
20559, 32559
20559, 32660
20559, 32781
20639, 32881
20639, 32983
20559, 33083
20655, 33183
20687, 33284
20687, 33384
20559, 33485
20559, 33586
20495, 33686
20495, 33808
20639, 33908
20495, 34009
20639, 34109
20635, 34209
20639, 34311
20655, 34411
20639, 34511
20655, 34612
20671, 34712
20559, 34834
20671, 34934
20671, 35035
20495, 35136
20687, 35236
20559, 35337
20655, 35437
20559, 35537
20495, 35639
20559, 35739
20495, 35860
20655, 35961
20559, 36062
20495, 36162
20559, 36262
20495, 36363
20559, 36464
20495, 36564
20559, 36665
20495, 36765
20559, 36887
20687, 36987
20559, 37088
20559, 37188
20559, 37289
20655, 37390
20495, 37490
20559, 37591
20559, 37691
20671, 37792
20639, 37913
20559, 38013
20559, 38114
20559, 38215
20495, 38316
20495, 38416
20639, 38516
20687, 38618
20495, 38718
20495, 38818
20559, 38939
20631, 39041
20671, 39141
20495, 39241
20495, 39342
20559, 39442
20559, 39543
20559, 39644
20495, 39744
20655, 39844
20559, 39966
20559, 40067
20559, 40167
20559, 40267
20671, 40369
20559, 40469
20559, 40569
20639, 40670
20655, 40770
20631, 40871
20495, 40992
20639, 41093
20559, 41194
20559, 41294
20639, 41395
20495, 41495
20687, 41595
20655, 41697
20559, 41797
20639, 41897
20559, 42019
20639, 42120
20639, 42220
20559, 42320
20495, 42421
20687, 42522
20559, 42622
20559, 42723
20635, 42823
20495, 42924
20559, 43045
20495, 43146
20559, 43246
20559, 43347
20639, 43448
20495, 43548
20559, 43649
20687, 43749
20631, 43850
20639, 43951
20559, 44071
20495, 44173
20655, 44273
20559, 44374
20495, 44474
20631, 44574
20655, 44676
20655, 44776
20639, 44876
20495, 44977
20559, 45099
20559, 45199
20559, 45299
20559, 45400
20559, 45501
20687, 45601
20495, 45702
20559, 45802
20687, 45902
20495, 46004
20495, 46125
20559, 46225
20639, 46326
20559, 46427
20631, 46527
20559, 46627
20559, 46728
20559, 46829
20655, 46929
20671, 47030
20559, 47151
20559, 47252
20495, 47352
20495, 47453
20559, 47553
20639, 47653
20495, 47755
20559, 47855
20495, 47955
20495, 48056
20559, 48178
20559, 48278
20559, 48378
20631, 48479
20559, 48580
20687, 48680
20495, 48781
20559, 48881
20495, 48982
20635, 49083
20639, 49204
20639, 49304
20559, 49405
20671, 49506
20559, 49606
20635, 49707
20631, 49807
20687, 49908
20639, 50009
20495, 50109
20635, 50231
20559, 50331
20671, 50432
20495, 50532
20495, 50632
20639, 50734
20559, 50834
20559, 50934
20559, 51035
20559, 51135
20559, 51257
20655, 51357
20559, 51458
20639, 51559
20559, 51659
20559, 51760
20639, 51860
20639, 51960
20631, 52062
20559, 52162
20559, 52283
20495, 52384
20687, 52485
20495, 52585
20559, 52685
20671, 52786
20559, 52887
20559, 52987
20655, 53088
20635, 53188
20495, 53310
20655, 53410
20559, 53511
20495, 53611
20639, 53712
20559, 53813
20671, 53913
20631, 54013
20559, 54114
20559, 54215
20559, 54336
20495, 54436
20559, 54537
20559, 54638
20559, 54738
20495, 54839
20495, 54939
20559, 55041
20559, 55141
20655, 55241
20671, 55362
20671, 55463
20639, 55564
20559, 55664
20559, 55764
20671, 55866
20635, 55966
20559, 56067
20559, 56167
20639, 56267
20559, 56389
20559, 56489
20671, 56590
20655, 56690
20559, 56792
20495, 56892
20559, 56992
20495, 57093
20559, 57194
20671, 57294
20559, 57415
20559, 57516
20639, 57617
20639, 57717
20495, 57818
20687, 57918
20559, 58019
20495, 58120
20559, 58220
20559, 58320
20559, 58442
20559, 58543
20687, 58643
20559, 58743
20495, 58844
20639, 58945
20655, 59045
20639, 59146
20495, 59246
20655, 59347
20639, 59468
20639, 59569
20559, 59669
20559, 59770
20431, 59871
20495, 59971
20559, 60071
20635, 60173
20559, 60273
20495, 60374
20559, 60494
20559, 60596
20495, 60696
20639, 60796
20495, 60897
20495, 60997
20495, 61099
20671, 61199
20495, 61299
20495, 61400
20495, 61521
20559, 61622
20495, 61722
20495, 61822
20495, 61924
20559, 62024
20559, 62125
20495, 62225
20559, 62325
20687, 62427
20639, 62547
20559, 62648
20559, 62749
20495, 62850
20559, 62950
20495, 63050
20559, 63151
20495, 63252
20635, 63352
20639, 63453
20495, 63575
20559, 63675
20559, 63775
20495, 63876
20559, 63977
20495, 64077
20495, 64178
20559, 64278
20639, 64378
20655, 64480
20495, 64601
20559, 64701
20635, 64801
20559, 64903
20495, 65003
20495, 65103
20495, 65204
20559, 65305
20495, 65405
20639, 65506
20495, 91
20495, 192
20559, 292
20635, 393
20559, 493
20687, 593
20495, 694
20655, 794
20559, 894
20495, 995
20631, 1117
20559, 1217
20495, 1317
20431, 1418
20639, 1518
20495, 1619
20495, 1720
20559, 1820
20559, 1921
20559, 2021
20495, 2143
20495, 2243
20559, 2343
20495, 2444
20559, 2544
20559, 2646
20559, 2746
20495, 2846
20631, 2947
20559, 3047
20687, 3169
20559, 3269
20495, 3369
20559, 3470
20559, 3570
20559, 3672
20559, 3772
20639, 3872
20495, 3973
20559, 4073
20559, 4195
20655, 4295
20559, 4396
20559, 4496
20495, 4596
20639, 4697
20495, 4798
20671, 4898
20559, 4999
20495, 5099
20639, 5221
20671, 5321
20639, 5422
20559, 5522
20559, 5622
20495, 5723
20559, 5824
20671, 5924
20559, 6025
20559, 6125
20631, 6247
20655, 6347
20559, 6448
20639, 6548
20559, 6648
20495, 6749
20559, 6850
20639, 6950
20671, 7051
20495, 7151
20559, 7273
20635, 7373
20671, 7474
20559, 7574
20559, 7674
20559, 7775
20559, 7876
20639, 7976
20495, 8077
20495, 8177
20495, 8298
20559, 8399
20671, 8500
20631, 8600
20559, 8700
20639, 8801
20559, 8901
20639, 9003
20431, 9103
20431, 9203
20559, 9324
20631, 9425
20687, 9526
20495, 9626
20495, 9726
20495, 9827
20559, 9927
20639, 10029
20559, 10129
20495, 10229
20559, 10350
20639, 10451
20495, 10552
20559, 10652
20639, 10753
20559, 10853
20639, 10954
20559, 11055
20631, 11155
20559, 11255
20639, 11377
20495, 11478
20559, 11578
20635, 11678
20559, 11780
20559, 11880
20687, 11980
20559, 12081
20495, 12181
20655, 12282
20495, 12403
20639, 12504
20671, 12605
20559, 12705
20559, 12806
20671, 12906
20559, 13006
20639, 13108
20639, 13208
20639, 13308
20559, 13430
20495, 13531
20687, 13631
20495, 13731
20639, 13832
20631, 13933
20495, 14033
20655, 14134
20559, 14234
20559, 14334
20655, 14456
20495, 14557
20495, 14657
20655, 14758
20559, 14859
20495, 14959
20559, 15059
20495, 15160
20671, 15261
20639, 15362
20495, 15482
20655, 15584
20687, 15684
20495, 15784
20559, 15885
20495, 15985
20431, 16087
20495, 16187
20559, 16287
20495, 16388
20495, 16509
20687, 16610
20559, 16710
20559, 16811
20655, 16912
20495, 17012
20655, 17113
20671, 17213
20559, 17313
20559, 17415
20495, 17536
20639, 17636
20671, 17736
20431, 17838
20495, 17938
20495, 18038
20687, 18139
20495, 18240
20559, 18340
20559, 18441
20495, 18562
20631, 18663
20639, 18763
20495, 18864
20495, 18964
20495, 19064
20495, 19166
20559, 19266
20495, 19366
20639, 19467
20495, 19589
20559, 19689
20495, 19789
20559, 19890
20495, 19991
20495, 20091
20559, 20192
20559, 20292
20687, 20392
20495, 20494
20495, 20615
20495, 20715
20639, 20816
20559, 20917
20559, 21017
20631, 21117
20559, 21218
20495, 21319
20559, 21420
20631, 21520
20639, 21642
20495, 21742
20559, 21842
20495, 21943
20559, 22043
20495, 22145
20495, 22245
20495, 22345
20495, 22446
20495, 22546
20495, 22668
20655, 22768
20495, 22868
20495, 22970
20559, 23070
20495, 23171
20559, 23271
20559, 23371
20495, 23473
20495, 23573
20559, 23694
20495, 23795
20495, 23896
20495, 23996
20495, 24096
20495, 24197
20495, 24298
20495, 24398
20495, 24499
20671, 24599
20559, 24721
20495, 24821
20687, 24922
20495, 25022
20639, 25123
20559, 25224
20495, 25324
20495, 25424
20495, 25525
20559, 25626
20495, 25747
20495, 25847
20631, 25948
20495, 26049
20559, 26149
20559, 26250
20639, 26350
20495, 26451
20559, 26552
20431, 26652
20639, 26773
20559, 26874
20495, 26975
20639, 27075
20559, 27175
20559, 27276
20495, 27377
20495, 27478
20495, 27578
20495, 27678
20559, 27800
20431, 27900
20559, 28001
20559, 28101
20559, 28203
20495, 28303
20495, 28403
20559, 28504
20495, 28604
20495, 28705
20495, 28826
20431, 28926
20631, 29028
20495, 29128
20495, 29229
20495, 29329
20431, 29429
20495, 29531
20495, 29631
20559, 29731
20559, 29853
20495, 29954
20495, 30054
20495, 30154
20431, 30255
20495, 30356
20495, 30456
20639, 30557
20495, 30657
20495, 30757
20495, 30879
20495, 30980
20495, 31080
20495, 31181
20631, 31282
20559, 31382
20559, 31482
20495, 31583
20495, 31684
20495, 31784
20495, 31905
20495, 32007
20495, 32107
20495, 32207
20559, 32308
20495, 32408
20495, 32509
20559, 32610
20559, 32710
20495, 32811
20631, 32932
20495, 33033
20495, 33133
20559, 33233
20687, 33335
20559, 33435
20495, 33536
20495, 33636
20495, 33736
20431, 33838
20559, 33958
20431, 34059
20495, 34159
20431, 34260
20559, 34361
20431, 34461
20495, 34562
20495, 34663
20559, 34763
20495, 34864
20495, 34984
20559, 35086
20495, 35186
20559, 35287
20559, 35387
20495, 35488
20431, 35589
20495, 35689
20559, 35789
20495, 35890
20495, 36012
20639, 36112
20559, 36212
20495, 36313
20495, 36414
20559, 36514
20655, 36615
20559, 36715
20495, 36815
20559, 36917
20495, 37038
20559, 37138
20495, 37239
20559, 37340
20495, 37440
20495, 37540
20431, 37641
20495, 37742
20495, 37842
20559, 37943
20495, 38065
20559, 38165
20559, 38265
20495, 38366
20495, 38466
20495, 38567
20559, 38668
20495, 38768
20559, 38868
20495, 38969
20639, 39091
20495, 39191
20655, 39291
20495, 39393
20495, 39493
20559, 39593
20559, 39694
20495, 39794
20559, 39896
20431, 39996
20495, 40117
20559, 40218
20559, 40318
20559, 40419
20431, 40519
20559, 40620
20431, 40721
20559, 40821
20559, 40922
20495, 41022
20495, 41144
20559, 41244
20495, 41345
20559, 41445
20495, 41546
20559, 41647
20559, 41747
20559, 41847
20671, 41948
20559, 42049
20495, 42170
20495, 42270
20655, 42371
20495, 42472
20495, 42572
20559, 42673
20495, 42773
20559, 42874
20559, 42975
20495, 43075
20495, 43196
20495, 43297
20431, 43398
20495, 43498
20559, 43598
20495, 43699
20559, 43800
20495, 43900
20559, 44001
20559, 44101
20495, 44223
20431, 44323
20495, 44424
20495, 44524
20495, 44625
20495, 44726
20559, 44826
20495, 44926
20431, 45027
20495, 45128
20431, 45249
20495, 45349
20635, 45451
20495, 45551
20495, 45651
20559, 45752
20559, 45852
20431, 45954
20495, 46054
20495, 46154
20631, 46276
20495, 46376
20495, 46477
20495, 46577
20495, 46678
20495, 46779
20495, 46879
20431, 46980
20431, 47080
20495, 47180
20559, 47302
20495, 47403
20495, 47503
20495, 47604
20559, 47705
20495, 47805
20495, 47905
20495, 48006
20495, 48107
20559, 48207
20559, 48328
20559, 48430
20495, 48530
20495, 48630
20431, 48731
20431, 48831
20495, 48932
20495, 49033
20559, 49133
20495, 49233
20495, 49355
20495, 49456
20495, 49556
20495, 49656
20495, 49758
20495, 49858
20495, 49958
20495, 50059
20559, 50159
20655, 50260
20559, 50381
20559, 50482
20559, 50582
20431, 50683
20495, 50784
20495, 50884
20559, 50984
20495, 51086
20495, 51186
20559, 51287
20495, 51407
20559, 51509
20495, 51609
20559, 51709
20495, 51810
20495, 51910
20495, 52012
20495, 52112
20559, 52212
20431, 52313
20415, 52434
20495, 52535
20559, 52635
20495, 52736
20559, 52837
20495, 52937
20495, 53038
20495, 53138
20559, 53238
20495, 53340
20559, 53460
20559, 53561
20671, 53662
20639, 53763
20431, 53863
20495, 53963
20559, 54064
20559, 54165
20431, 54265
20431, 54366
20495, 54488
20431, 54588
20495, 54688
20431, 54789
20431, 54889
20495, 54990
20559, 55091
20431, 55191
20431, 55291
20495, 55392
20495, 55514
20431, 55614
20495, 55714
20631, 55816
20559, 55916
20495, 56016
20495, 56117
20495, 56217
20559, 56318
20559, 56419
20559, 56540
20559, 56641
20431, 56741
20495, 56842
20431, 56942
20559, 57042
20639, 57144
20559, 57244
20431, 57345
20495, 57445
20431, 57567
20495, 57667
20495, 57767
20495, 57868
20495, 57969
20495, 58070
20495, 58170
20495, 58270
20559, 58371
20559, 58472
20431, 58593
20559, 58693
20431, 58793
20431, 58895
20431, 58995
20495, 59096
20431, 59196
20655, 59297
20431, 59398
20635, 59498
20495, 59619
20559, 59720
20431, 59821
20495, 59921
20495, 60021
20559, 60122
20495, 60223
20635, 60323
20495, 60424
20495, 60524
20495, 60646
20559, 60746
20495, 60847
20495, 60947
20495, 61048
20495, 61149
20559, 61249
20559, 61349
20559, 61450
20495, 61551
20495, 61672
20431, 61772
20495, 61874
20639, 61974
20431, 62074
20495, 62175
20495, 62275
20495, 62376
20559, 62477
20495, 62577
20495, 62699
20431, 62799
20495, 62900
20431, 63000
20559, 63100
20495, 63202
20495, 63302
20495, 63403
20495, 63503
20431, 63603
20495, 63725
20655, 63825
20431, 63926
20559, 64027
20559, 64128
20495, 64228
20431, 64328
20559, 64429
20559, 64530
20559, 64630
20639, 64751
20495, 64852
20431, 64953
20495, 65053
20495, 65154
20495, 65254
20559, 65355
20559, 65456
20639, 20
20495, 120
20495, 241
20431, 343
20495, 443
20559, 543
20495, 644
20495, 744
20431, 844
20495, 945
20639, 1045
20495, 1145
20495, 1267
20495, 1368
20495, 1468
20495, 1568
20495, 1670
20495, 1770
20495, 1870
20495, 1971
20559, 2071
20559, 2171
20559, 2293
20495, 2394
20431, 2494
20495, 2594
20495, 2696
20495, 2796
20495, 2896
20495, 2997
20495, 3097
20495, 3197
20495, 3319
20495, 3420
20495, 3520
20559, 3620
20631, 3721
20495, 3822
20495, 3922
20559, 4023
20431, 4123
20495, 4224
20495, 4345
20495, 4446
20495, 4546
20495, 4646
20495, 4747
20495, 4848
20495, 4948
20559, 5049
20559, 5149
20639, 5250
20495, 5371
20431, 5472
20495, 5572
20431, 5672
20495, 5773
20559, 5874
20495, 5975
20559, 6075
20495, 6175
20559, 6276
20495, 6397
20495, 6498
20431, 6598
20495, 6699
20431, 6799
20495, 6899
20495, 7001
20495, 7101
20495, 7201
20495, 7302
20431, 7424
20495, 7524
20559, 7624
20431, 7725
20495, 7825
20431, 7925
20559, 8027
20559, 8127
20559, 8227
20495, 8328
20559, 8450
20559, 8550
20495, 8650
20495, 8751
20495, 8851
20495, 8951
20431, 9053
20431, 9153
20495, 9253
20431, 9354
20431, 9475
20495, 9576
20495, 9676
20495, 9777
20495, 9877
20495, 9977
20495, 10078
20495, 10179
20431, 10279
20495, 10380
20559, 10502
20431, 10602
20495, 10702
20431, 10803
20431, 10903
20495, 11004
20495, 11105
20495, 11205
20495, 11305
20495, 11406
20431, 11528
20431, 11628
20495, 11728
20431, 11830
20559, 11930
20495, 12030
20431, 12131
20495, 12231
20431, 12333
20495, 12433
20495, 12554
20495, 12655
20639, 12755
20431, 12856
20431, 12956
20495, 13057
20431, 13158
20495, 13258
20495, 13359
20559, 13459
20495, 13581
20431, 13681
20495, 13782
20431, 13882
20495, 13983
20559, 14084
20431, 14184
20495, 14284
20431, 14385
20495, 14486
20559, 14607
20367, 14707
20495, 14809
20431, 14909
20639, 15009
20431, 15110
20559, 15210
20495, 15311
20431, 15412
20431, 15512
20639, 15633
20495, 15734
20495, 15835
20495, 15935
20431, 16035
20431, 16137
20495, 16237
20495, 16337
20431, 16438
20495, 16538
20495, 16660
20431, 16760
20559, 16861
20431, 16961
20495, 17062
20431, 17163
20495, 17263
20495, 17363
20431, 17464
20431, 17565
20431, 17686
20495, 17786
20431, 17888
20431, 17988
20495, 18088
20431, 18189
20495, 18289
20495, 18391
20495, 18491
20431, 18591
20495, 18713
20495, 18813
20495, 18914
20431, 19014
20559, 19115
20415, 19216
20559, 19316
20431, 19417
20431, 19517
20495, 19617
20415, 19739
20495, 19840
20495, 19940
20495, 20041
20559, 20142
20495, 20242
20559, 20342
20559, 20443
20495, 20544
20495, 20644
20431, 20765
20495, 20867
20495, 20967
20495, 21067
20495, 21168
20431, 21268
20431, 21369
20431, 21470
20495, 21570
20495, 21670
20431, 21792
20495, 21893
20431, 21993
20431, 22093
20495, 22195
20431, 22295
20495, 22395
20431, 22496
20431, 22596
20431, 22697
20431, 22818
20495, 22919
20415, 23020
20495, 23120
20495, 23221
20495, 23321
20431, 23421
20495, 23523
20495, 23623
20495, 23724
20495, 23844
20431, 23946
20431, 24046
20495, 24146
20559, 24247
20495, 24347
20495, 24449
20431, 24549
20495, 24649
20431, 24750
20495, 24871
20495, 24972
20431, 25072
20431, 25172
20495, 25274
20495, 25374
20495, 25475
20431, 25575
20495, 25675
20495, 25777
20431, 25897
20495, 25998
20431, 26099
20495, 26200
20431, 26300
20495, 26400
20431, 26501
20431, 26602
20431, 26702
20495, 26803
20495, 26925
20431, 27025
20495, 27125
20431, 27226
20431, 27326
20431, 27427
20431, 27528
20631, 27628
20431, 27728
20431, 27829
20495, 27951
20431, 28051
20431, 28151
20431, 28253
20431, 28353
20431, 28453
20495, 28554
20495, 28654
20495, 28755
20431, 28856
20495, 28977
20431, 29078
20495, 29178
20495, 29279
20495, 29379
20431, 29479
20431, 29581
20431, 29681
20431, 29782
20431, 29882
20495, 30004
20495, 30104
20431, 30204
20495, 30305
20495, 30406
20431, 30507
20431, 30607
20431, 30707
20431, 30808
20495, 30909
20431, 31030
20495, 31130
20495, 31230
20431, 31332
20495, 31432
20495, 31533
20367, 31633
20415, 31734
20415, 31835
20495, 31935
20495, 32056
20431, 32157
20495, 32258
20495, 32358
20495, 32458
20431, 32559
20431, 32660
20431, 32760
20431, 32861
20495, 32961
20495, 33083
20495, 33183
20431, 33284
20495, 33384
20431, 33485
20559, 33586
20431, 33686
20495, 33786
20495, 33887
20495, 33988
20431, 34109
20431, 34209
20495, 34311
20431, 34411
20495, 34511
20431, 34612
20431, 34712
20495, 34813
20399, 34914
20495, 35014
20431, 35136
20431, 35236
20431, 35337
20495, 35437
20495, 35537
20431, 35639
20495, 35739
20431, 35840
20431, 35940
20495, 36040
20495, 36162
20495, 36262
20495, 36363
20431, 36464
20495, 36564
20495, 36665
20495, 36765
20495, 36866
20495, 36967
20495, 37067
20495, 37188
20431, 37289
20431, 37390
20495, 37490
20431, 37591
20495, 37691
20495, 37792
20495, 37893
20495, 37993
20495, 38093
20495, 38215
20431, 38316
20431, 38416
20431, 38516
20431, 38618
20431, 38718
20415, 38818
20495, 38919
20495, 39019
20495, 39120
20495, 39241
20639, 39342
20495, 39442
20559, 39543
20495, 39644
20431, 39744
20495, 39844
20495, 39946
20415, 40046
20431, 40146
20495, 40267
20495, 40369
20495, 40469
20431, 40569
20431, 40670
20431, 40770
20431, 40871
20431, 40972
20431, 41072
20431, 41172
20431, 41294
20559, 41395
20431, 41495
20495, 41595
20431, 41697
20431, 41797
20495, 41897
20495, 41998
20431, 42098
20431, 42200
20495, 42320
20431, 42421
20431, 42522
20559, 42622
20431, 42723
20431, 42823
20495, 42924
20495, 43025
20495, 43125
20415, 43226
20431, 43347
20495, 43448
20495, 43548
20431, 43649
20559, 43749
20495, 43850
20495, 43951
20431, 44051
20559, 44151
20495, 44252
20495, 44374
20495, 44474
20495, 44574
20495, 44676
20431, 44776
20495, 44876
20431, 44977
20495, 45077
20431, 45178
20495, 45279
20431, 45400
20495, 45501
20431, 45601
20495, 45702
20431, 45802
20495, 45902
20495, 46004
20415, 46104
20495, 46204
20559, 46305
20495, 46427
20495, 46527
20431, 46627
20431, 46728
20431, 46829
20415, 46929
20415, 47030
20431, 47130
20495, 47230
20495, 47332
20431, 47453
20431, 47553
20431, 47653
20431, 47755
20495, 47855
20495, 47955
20495, 48056
20431, 48157
20495, 48258
20495, 48358
20431, 48479
20431, 48580
20495, 48680
20495, 48781
20431, 48881
20431, 48982
20431, 49083
20495, 49183
20431, 49284
20495, 49384
20495, 49506
20495, 49606
20431, 49707
20495, 49807
20415, 49908
20495, 50009
20431, 50109
20431, 50209
20431, 50310
20495, 50411
20495, 50532
20431, 50632
20431, 50734
20431, 50834
20431, 50934
20495, 51035
20495, 51135
20495, 51236
20495, 51337
20431, 51437
20495, 51559
20431, 51659
20431, 51760
20495, 51860
20431, 51960
20495, 52062
20495, 52162
20495, 52262
20431, 52363
20559, 52463
20431, 52585
20431, 52685
20495, 52786
20495, 52887
20431, 52987
20431, 53088
20495, 53188
20431, 53288
20431, 53390
20495, 53490
20431, 53611
20495, 53712
20495, 53813
20415, 53913
20495, 54013
20495, 54114
20495, 54215
20431, 54316
20495, 54416
20431, 54516
20431, 54638
20431, 54738
20495, 54839
20495, 54939
20495, 55041
20431, 55141
20431, 55241
20495, 55342
20431, 55442
20559, 55543
20431, 55664
20431, 55764
20431, 55865
20431, 55966
20431, 56067
20431, 56167
20303, 56267
20431, 56369
20495, 56469
20415, 56569
20495, 56690
20495, 56792
20431, 56892
20431, 56992
20431, 57093
20415, 57193
20431, 57294
20495, 57395
20495, 57495
20431, 57595
20431, 57717
20495, 57818
20495, 57918
20415, 58018
20495, 58120
20559, 58220
20431, 58320
20495, 58421
20495, 58521
20495, 58622
20415, 58743
20495, 58844
20431, 58945
20431, 59045
20495, 59146
20495, 59246
20415, 59346
20495, 59448
20399, 59548
20431, 59649
20431, 59770
20415, 59871
20431, 59971
20431, 60071
20495, 60172
20559, 60273
20431, 60374
20495, 60474
20431, 60574
20431, 60675
20495, 60796
20495, 60897
20431, 60997
20431, 61099
20431, 61199
20431, 61299
20495, 61400
20431, 61500
20431, 61601
20495, 61702
20431, 61822
20495, 61924
20431, 62024
20495, 62125
20495, 62225
20431, 62325
20495, 62427
20495, 62527
20495, 62627
20431, 62728
20431, 62850
20415, 62950
20431, 63050
20431, 63151
20399, 63252
20431, 63352
20495, 63453
20495, 63553
20431, 63653
20415, 63755
20639, 63876
20431, 63976
20495, 64077
20431, 64178
20431, 64278
20495, 64378
20495, 64479
20495, 64580
20431, 64680
20559, 64781
20399, 64902
20431, 65003
20495, 65103
20431, 65204
20431, 65304
20495, 65405
20431, 65506
20431, 70
20495, 171
20431, 271
20495, 393
20431, 493
20559, 593
20415, 694
20431, 794
20431, 894
20495, 995
20495, 1095
20495, 1196
20495, 1297
20431, 1418
20431, 1518
20431, 1618
20431, 1720
20495, 1820
20431, 1921
20431, 2021
20431, 2121
20415, 2222
20495, 2323
20495, 2444
20495, 2544
20559, 2644
20399, 2746
20399, 2846
20431, 2947
20431, 3047
20415, 3147
20431, 3248
20495, 3349
20431, 3470
20495, 3570
20431, 3671
20431, 3772
20495, 3872
20431, 3973
20415, 4073
20303, 4173
20495, 4274
20303, 4375
20559, 4496
20431, 4596
20415, 4697
20431, 4797
20431, 4898
20431, 4999
20431, 5099
20431, 5199
20495, 5300
20495, 5400
20415, 5522
20431, 5622
20415, 5723
20495, 5823
20671, 5924
20495, 6025
20559, 6125
20431, 6225
20495, 6326
20431, 6426
20431, 6548
20431, 6648
20399, 6749
20431, 6849
20431, 6949
20431, 7051
20431, 7151
20495, 7251
20431, 7352
20303, 7452
20415, 7574
20431, 7674
20431, 7775
20431, 7875
20303, 7975
